6000
-50
70
29
-52
-25
-44
-109
107
10
-52
-25
-74
-92
0
-46
121
38
-53
-21
-44
114
-59
94
-29
-76
-5
-99
-105
-105
92
-39
-32
6
11
66
-124
39
-83
55
-84
-78
-2
-117
-2
-79
122
46
-97
-2
44
74
-119
-118
1
19
-91
-103
104
-67
47
108
44
-92
-25
-62
-59
47
-32
-118
98
35
-111
-4
63
40
-124
46
-104
96
40
90
-9
21
-17
-56
-61
50
42
-8
-28
-19
54
118
-35
-90
-84
-72
-19
-72
9
-61
-94
64
43
-43
104
-80
52
109
-45
-26
-85
-121
26
105
-24
-22
53
-5
85
113
-66
55
-12
5
-84
-18
83
15
9
-62
93
47
-35
-89
13
27
-111
-97
68
-85
-23
2
-25
-96
54
-120
102
118
37
22
-15
50
57
-96
1
114
-30
28
21
124
-42
-40
22
110
107
98
84
-100
-31
115
19
-98
-9
-23
-16
-73
35
38
-46
38
1
93
88
-98
96
56
-94
-6
-114
-10
17
-124
43
100
45
49
-97
71
24
20
-78
113
105
-43
-101
12
-8
97
-63
-103
-69
69
92
28
110
70
-21
49
-13
-125
49
-101
110
60
8
-83
72
15
24
3
-3
-59
-3
-75
-89
125
44
-56
-54
56
34
-39
97
-6
2
102
-88
37
25
87
77
30
-83
124
-124
-96
-96
-29
-20
38
-36
-118
-74
-35
84
-101
20
41
28
-76
1
38
-122
91
115
-111
52
40
93
-104
-53
113
-52
18
76
124
-11
28
-100
63
-53
102
-45
59
82
-20
-7
-122
-76
-31
27
56
96
20
-82
79
92
123
25
-119
120
106
-99
-21
-48
84
-68
-81
-8
-91
110
-75
-18
-17
106
-78
-95
32
91
-51
57
-120
-70
-59
-71
94
-69
-64
47
-122
-86
-85
-6
4
-61
-53
-4
35
-118
122
-39
23
63
-74
32
-2
70
-25
72
-20
-2
20
69
10
4
87
-67
-17
38
-1
81
-6
-50
-29
65
-96
27
-91
59
-29
33
69
98
44
-91
64
95
32
17
-78
-10
69
5
-8
-1
72
85
110
49
-2
79
-45
7
14
102
-123
-35
96
-86
-111
65
-101
93
-92
85
57
-122
108
-113
12
53
-81
105
-73
-44
39
-97
50
-1
-32
115
-51
37
-97
28
-4
24
117
60
-114
-6
-42
-11
-85
117
-5
-112
-17
-42
-17
41
-95
-93
-41
-21
22
68
78
-49
-33
35
46
64
-108
-99
98
-23
-44
109
-80
-23
-78
102
67
20
-118
11
16
73
-124
-62
25
11
-117
-90
101
51
64
-5
-18
-60
52
-33
-49
115
108
104
-74
77
-52
-13
-29
-39
97
-35
51
15
-19
-104
3
98
-120
118
37
86
-113
-35
14
13
-9
-73
73
85
49
33
-118
107
-15
-4
-92
12
-41
-1
16
-93
-87
-41
-99
44
-67
15
72
71
-118
100
29
103
-78
-36
-65
-66
124
84
-125
-102
45
-70
-9
115
-62
46
110
50
-123
-51
29
-58
125
10
19
94
-110
-67
16
57
-91
18
96
92
-78
36
-88
28
-105
76
-112
-22
-107
-16
-13
-5
-59
-84
89
-18
47
16
47
91
68
78
48
1
71
-68
-6
-95
71
65
37
-92
117
-4
-4
-11
74
99
-73
-121
15
93
88
-22
-8
-87
-49
-45
-35
65
82
-4
-8
-73
-99
-116
-41
-84
-23
113
-26
47
-14
-38
48
35
25
26
87
75
30
79
122
-109
-94
-113
-54
-103
-91
54
-53
-27
-39
65
92
54
40
76
-5
-111
24
-116
91
-33
36
-9
52
54
-50
-10
60
123
27
102
-7
91
60
110
23
-125
-119
-109
100
-83
-13
-65
-76
-77
54
96
48
42
34
-41
-114
109
108
-80
119
-56
39
82
120
-110
-92
-35
61
49
92
101
-86
19
-17
72
96
-25
27
28
-42
4
31
-119
1
-59
106
86
52
9
57
-17
-58
-82
7
33
25
-81
21
78
-62
-98
-92
-14
-55
-105
-103
115
-125
-90
36
114
-31
-90
-11
111
-55
1
-97
108
25
40
123
-16
-103
-72
-64
-52
-16
-54
5
61
-57
71
-21
17
55
-123
55
116
84
87
57
-5
123
-26
-57
-11
-100
100
-46
-97
105
-63
-50
61
123
24
83
-84
116
73
23
-23
45
26
-24
-74
-99
-19
-72
88
-93
-121
-28
-43
-60
120
65
49
38
-36
-15
-27
88
-117
67
13
-37
-30
43
-52
99
97
5
-32
121
1
21
92
8
27
-12
-107
-40
76
93
48
84
-33
44
-125
-38
59
-100
77
107
-47
21
107
-56
-123
-113
125
24
96
16
89
-1
53
-12
16
-83
-18
-28
65
-100
-24
-50
-41
22
52
67
-92
-21
34
-31
69
-45
2
17
24
-8
-16
-22
-51
-48
-97
-112
-28
-62
90
-99
-42
121
91
28
-41
-47
93
59
-22
22
55
4
113
-89
-59
-90
-23
-15
54
119
-65
104
77
64
45
33
46
2
-32
104
120
-100
51
-116
-95
-41
123
-118
37
-34
42
-86
75
-34
32
-99
-6
-107
-52
74
-88
-43
15
64
-46
-69
22
76
-31
93
65
-26
-3
75
-67
-79
122
-74
-68
111
20
-27
94
-63
-9
90
-75
-120
55
41
-21
-41
-61
-89
41
-22
-10
-17
-90
-27
101
-60
-122
-41
-72
102
-108
-33
102
-114
42
-102
-36
-55
-50
-85
-37
-87
81
-40
61
88
99
-38
114
-9
117
-34
44
-92
60
95
82
-41
29
123
-29
-26
63
-19
105
-73
-20
-89
-81
61
-65
34
72
111
-1
69
48
56
93
68
-5
113
125
102
-61
12
-118
-34
-72
107
14
95
-109
-91
85
-80
79
-67
33
110
119
-27
-5
-24
-76
13
11
39
17
-52
98
-70
12
101
50
-110
99
73
-2
-72
96
62
-30
-65
-54
53
-114
78
-19
8
86
17
35
-75
-53
-76
50
-54
-27
-118
90
102
32
31
35
-86
-69
-10
69
23
58
-21
70
-66
1
109
76
-64
-9
-93
-64
-39
-34
88
-10
114
-106
-107
7
-83
-42
-72
-35
57
-67
-4
80
3
-3
-125
59
-68
89
65
-43
106
35
33
10
-5
-71
59
-14
74
53
43
42
43
34
37
-3
42
117
-90
-59
-59
78
-112
80
-109
26
-49
64
46
99
20
82
88
58
-81
-111
-112
17
-68
69
-78
53
83
75
88
-40
5
-83
95
-98
-11
52
-52
-91
-31
112
-43
-97
26
19
62
19
37
-2
-86
103
-120
-18
4
29
64
37
78
114
-101
73
-69
28
-103
30
-109
-42
32
46
108
84
-3
58
-13
40
-25
-45
-98
-12
-81
-21
-112
-78
-14
14
-96
25
-66
52
42
-64
52
4
73
-64
84
-70
-30
118
36
18
65
38
-21
-57
-99
62
104
6
-57
-71
82
-85
-31
-43
-40
89
-123
-66
52
-108
-74
-65
-47
51
13
57
48
-31
52
-95
-51
-85
115
-56
33
102
27
-101
122
-73
9
-113
74
-19
113
64
-22
-4
52
-54
6
31
-2
80
-3
-3
-72
-4
-6
27
-125
60
41
-104
55
-16
112
6
97
59
78
28
15
-108
-107
40
-70
65
-14
13
-20
98
-87
-31
71
26
116
-27
83
-20
-13
43
40
-40
-45
-32
-4
-14
79
-87
-48
-12
16
-13
76
119
-76
101
81
84
-7
15
-57
120
-27
106
65
-13
12
-41
-57
-118
118
-17
-38
2
-68
15
-114
-102
-4
-116
120
-65
97
-26
-104
-112
49
68
53
98
-59
-20
-53
41
-118
-110
57
-86
-23
37
-49
62
-79
-40
-84
57
1
105
-123
18
61
-124
116
118
-31
-18
20
6
7
-102
-68
87
62
-18
36
87
-48
-80
-106
123
98
112
-24
21
71
-109
86
-101
96
-68
-43
60
-56
124
-21
-85
-122
-34
-86
13
-123
81
-114
22
16
60
-108
80
101
97
85
83
111
-38
-1
-2
-39
88
59
-55
-34
-121
67
-23
63
56
-93
-78
-30
-107
-87
121
125
23
-124
63
32
101
-35
100
108
-62
-13
-122
74
83
-46
15
-14
28
-79
51
45
-23
97
-20
85
84
3
-99
-40
-83
50
-116
-43
26
23
-102
-8
-22
-23
100
-112
48
-76
86
-29
-50
-49
-59
37
-29
28
37
-60
-83
-85
36
-103
-52
92
78
-34
68
60
11
62
59
-61
-44
71
-107
-86
65
-56
-83
46
-57
-34
-18
100
-72
116
-16
27
25
54
-68
-46
100
-110
-79
64
-19
36
61
-122
-62
120
121
36
80
34
31
41
-60
-89
73
52
-94
-121
107
-63
114
-78
-112
-50
81
80
50
-18
-93
36
30
60
80
59
125
-81
24
-103
-119
79
-85
27
-73
-93
-45
13
-43
-93
-16
-42
77
89
3
-45
62
101
95
26
38
108
44
-34
110
-12
-55
29
-76
21
-49
-62
-74
18
-37
-101
-32
18
99
-8
-94
-13
-14
-96
-118
19
-110
-90
-114
25
11
83
12
5
-12
-123
23
-86
15
57
-114
-116
-66
-108
-39
47
-1
-70
113
-11
92
-70
-48
25
51
75
88
30
-86
121
79
-49
103
94
-60
-43
-21
11
53
-78
-121
20
15
27
86
-3
-91
19
-97
-84
-53
113
-85
45
-9
70
32
118
-118
-11
109
-112
-31
-8
81
83
-1
42
-9
-81
15
96
-120
-25
-116
52
113
125
-76
53
107
-7
17
45
61
-115
-22
-105
62
-115
-82
-36
17
19
-53
-109
-40
-88
106
83
29
41
3
-80
77
46
-28
16
120
121
-7
42
-42
-46
-31
7
-112
-109
36
69
-14
-1
59
23
-83
36
-68
49
85
54
23
82
87
62
4
-71
103
123
53
-50
83
104
105
123
-92
-94
50
33
-94
109
68
64
-46
-108
17
-115
123
-10
12
-112
-14
-22
-47
18
24
-109
-25
15
9
51
29
-49
-12
3
-81
113
96
90
80
-93
-30
-53
7
-39
82
70
-121
-113
-99
-10
-84
75
-113
15
-113
-67
102
-88
79
-28
62
103
-102
-73
79
-92
15
77
-60
107
29
-48
-8
38
-67
25
10
-61
60
-52
87
55
-67
-43
-47
-31
89
95
-51
-82
-55
9
81
-43
125
-73
-54
-117
113
-14
101
-57
29
108
70
-104
116
15
98
86
45
-81
-36
42
-7
-122
-77
-84
-31
-54
69
11
98
73
74
111
-119
-100
-12
75
101
-57
11
37
-25
123
-27
-98
82
-40
-85
27
109
10
-29
-59
57
91
92
-4
-95
73
110
68
93
49
-123
98
-32
21
65
-96
-74
-41
75
93
-26
87
-21
43
51
-67
-72
-44
-63
-1
51
-33
4
89
-57
28
-15
69
-47
77
-99
38
-118
-114
8
54
-69
-95
14
-72
-118
20
95
42
-13
29
1
4
-49
-25
-47
-114
-118
-56
20
52
39
124
7
-81
-122
-4
4
-63
55
122
111
101
100
81
-104
14
-58
20
29
5
-7
-43
-63
10
-34
24
-44
-37
-73
58
45
-98
-120
-64
35
-101
37
36
98
-60
-61
-10
100
-59
70
-65
86
36
0
-27
-91
-82
-85
-103
62
-52
56
60
67
-90
-119
-122
-61
-53
-115
-64
-72
33
-51
14
110
97
109
-5
-103
-33
-14
-57
15
-52
56
-61
-124
-48
42
30
79
-54
-31
-28
121
-57
-50
-50
94
-76
-38
-90
62
-3
34
109
26
-25
-11
-66
-87
23
113
106
57
-27
-13
-118
11
114
-104
59
113
41
-104
102
-36
-104
-39
-73
67
66
-93
-113
-117
-6
57
112
110
-59
-80
7
-119
16
114
119
94
-8
-50
-29
-121
-25
9
-4
71
-100
104
32
-7
25
-1
76
86
-125
9
-100
79
-11
91
-53
-68
104
-41
5
-91
79
110
65
-103
-95
65
-110
-102
85
-53
-121
-87
-38
-90
101
-21
66
21
44
20
-125
-54
88
45
-50
31
14
71
118
101
-13
45
47
32
-113
-40
-30
117
-82
83
53
124
108
-6
73
-36
0
44
-48
19
69
-91
110
-1
-74
28
-93
57
-67
20
-118
6
79
-44
-45
-94
3
7
-124
-30
-16
-88
-32
70
-64
-51
-41
104
15
-95
-42
-33
-115
74
27
-111
77
-125
-19
-30
75
-58
67
-86
86
-86
-71
19
101
-72
86
66
63
101
94
-7
-39
-55
8
-7
82
109
-53
-63
113
1
74
2
-38
34
-121
-33
81
-80
22
31
103
-100
44
-86
-45
58
-60
35
-58
-62
-56
58
72
92
99
-37
94
-63
-42
61
67
73
-10
78
-36
-89
124
-45
17
42
71
-26
-94
111
102
10
90
-13
-86
63
-44
-24
76
-40
85
116
20
-77
98
-91
5
64
-47
-25
-103
-117
-111
41
74
-102
-3
63
80
-59
66
112
80
-20
113
-25
29
23
114
-45
-97
-116
-26
-61
104
-29
71
118
80
70
85
41
-62
37
66
4
69
-29
83
-68
47
-67
76
48
-67
123
-70
-77
-64
118
-31
-38
21
21
50
-9
41
-80
-109
-107
99
-63
22
17
26
75
-91
35
119
-119
-28
106
17
-86
-111
-88
-45
-122
124
-71
-80
-10
29
-39
24
96
10
-111
42
114
-79
30
69
32
-61
72
-45
109
-9
-62
102
-40
-29
68
29
-123
86
73
114
66
-70
-20
61
-28
67
103
46
-96
-115
11
-2
-31
10
56
-29
117
94
15
66
-58
64
-16
71
20
112
-26
-110
-56
89
84
-121
-20
65
-41
71
87
36
-89
83
-85
-19
-98
-90
122
-10
78
103
-62
16
78
78
68
-81
-73
-83
-92
61
-103
68
-13
86
99
-102
-44
77
-58
45
-91
-20
12
58
-32
-63
25
73
9
-67
73
-40
-109
-40
18
99
-82
30
-12
-105
-42
-44
54
48
95
85
-78
-94
-53
62
124
-16
120
-61
-35
10
25
-108
125
-112
-17
29
-17
-97
103
41
15
26
118
72
7
-64
9
-63
-35
-51
72
20
-4
89
4
-74
-85
49
-78
39
96
37
55
97
-26
80
-114
-42
75
83
97
121
28
4
118
101
-123
-77
-90
-24
-92
-91
-114
6
73
109
99
-35
-40
5
103
63
-61
-57
-100
-93
-121
-25
-47
-7
-125
-103
-120
-77
47
87
-79
15
29
-35
-3
-45
-7
-25
61
62
-70
-58
76
-57
-42
-60
-92
111
-6
5
49
71
92
62
17
-75
-12
38
109
31
-20
-45
-26
-23
-85
8
23
96
59
74
107
23
-5
-97
-125
-101
27
24
117
74
-5
-49
-28
-83
89
98
107
-115
-24
56
-56
-112
16
-21
46
107
-110
-74
-48
89
26
42
-73
42
-4
9
108
70
-73
-119
107
24
114
76
-99
-111
-67
-28
-90
23
-83
-44
-102
52
13
105
101
65
-94
69
33
-101
71
98
27
38
58
113
120
79
89
-3
37
72
61
35
78
-51
-60
119
-51
51
76
-56
39
72
85
104
41
27
-33
125
-2
-34
-76
91
77
110
-5
-92
-123
-92
108
-125
-84
-103
-44
-90
-1
11
121
-33
94
-23
-48
-75
119
1
38
-12
-68
38
88
-18
-50
63
77
54
73
-52
-30
40
109
15
114
66
58
-27
-66
12
-102
8
102
104
-32
101
10
-106
88
87
-40
67
-28
22
20
-16
-85
11
-43
-122
94
122
23
-34
-67
-9
-8
-27
-35
61
66
99
44
-37
70
-115
51
63
61
75
104
-123
82
7
-29
81
-72
57
13
-56
-109
-113
15
17
-124
8
73
37
93
50
81
-11
45
20
47
32
13
52
-105
-119
43
-27
84
93
54
20
116
-5
13
-55
102
-122
-15
123
20
89
-6
52
30
79
-111
17
-100
19
-83
-63
-80
-44
41
-2
-28
32
-57
104
-21
113
55
86
11
116
51
-107
93
-57
11
60
-109
-58
75
-66
-72
-98
-117
-23
23
-75
-59
-123
-70
113
-45
3
-33
-107
-102
38
-49
41
72
69
-49
82
5
46
112
15
-88
57
-59
-21
30
-33
-124
68
-119
79
-37
-62
84
-95
82
-122
89
-108
93
48
95
-83
81
91
-17
-11
56
-62
-125
50
-73
57
26
-10
-28
-62
-17
28
17
80
-27
-59
38
104
-62
86
23
-36
30
95
-86
94
92
-8
-66
89
64
114
114
72
-38
115
69
-86
-9
-106
37
80
-94
-32
90
83
28
116
52
100
38
-89
-87
79
60
-24
-61
87
52
78
86
-6
28
-111
-100
-2
51
-98
50
48
68
-87
-67
90
-102
-45
117
78
-54
59
-46
-57
-77
-38
-106
-71
105
5
-25
-16
-17
81
94
104
-14
124
-53
75
30
-87
29
25
99
9
119
-28
-6
-7
-8
-70
-67
88
-94
58
77
46
118
85
-105
-50
21
61
84
104
-87
72
79
54
-91
64
-117
-15
37
-89
66
0
-93
-115
-35
39
95
-24
91
-76
12
-70
-12
-106
-120
84
32
96
-96
21
-50
94
10
-34
115
-113
-26
-94
-52
-92
114
-1
-14
115
2
-58
71
-88
88
75
-91
-50
62
-45
-50
-32
-34
-34
82
110
3
86
116
-57
106
27
71
41
-96
86
-116
61
-79
-63
41
-39
-41
-116
6
84
-20
33
77
-72
41
-45
16
64
27
19
93
45
-111
-45
103
-111
21
-95
-71
11
40
40
-24
-2
-120
125
58
83
-114
-67
119
26
63
-67
-78
-110
123
-43
-47
-69
-113
3
-79
19
-17
-41
-108
116
-5
86
118
-21
-1
-29
110
-88
-82
95
-82
103
83
77
52
-89
115
-34
56
27
56
-107
101
-4
83
-76
-24
-12
99
-119
-44
-105
-20
79
-45
7
28
-99
-8
-101
88
-58
38
104
-76
120
-61
-22
58
21
-105
25
9
98
62
71
42
41
-76
-28
-100
-90
89
68
98
90
-70
-72
-124
-81
71
29
60
-78
109
25
-21
-92
12
51
51
-103
112
112
114
-1
14
122
67
55
-38
105
-31
-87
96
84
64
76
-76
96
-105
-123
4
-14
-96
-125
-31
-38
-22
-30
-9
-68
8
-19
71
-98
-61
-73
97
114
-6
83
120
-79
-11
-37
-27
70
-5
-125
-14
18
14
-51
74
-6
60
-110
-100
-105
-107
121
56
100
-6
44
7
-111
113
8
73
78
-20
-39
-97
118
33
-104
63
-120
-124
-58
86
88
78
122
2
114
90
54
77
98
-49
108
101
-105
56
78
-15
116
86
68
33
107
-122
114
17
22
27
121
-54
70
92
-76
-30
82
-18
-102
-119
-117
-48
64
-48
-49
3
-117
119
-25
-2
51
-63
1
112
89
51
46
116
123
-82
-18
-24
81
54
-106
-19
-6
58
-71
118
-122
-118
42
-49
-49
-98
-119
67
27
90
-56
-2
67
-8
-12
-88
94
-85
29
-102
22
34
115
-89
43
27
-52
83
72
22
86
-104
37
49
30
63
23
-58
86
-36
-38
-44
-1
17
-26
55
-98
10
-50
-99
-86
-52
-22
-4
58
80
-77
110
-85
120
51
-22
-92
-49
-59
-1
-12
110
-79
33
-108
93
-123
-104
60
114
99
40
114
119
-98
-5
-99
77
19
42
-32
32
-41
-109
43
121
-90
75
2
-61
-49
88
35
62
59
-110
37
-72
29
28
88
104
-15
-85
123
3
12
-103
-112
-116
-105
-109
-89
32
-74
65
-60
-34
40
-34
-121
-103
-57
-116
-36
8
50
-102
-112
-112
-12
117
43
-50
68
-42
-73
-106
-93
68
90
-22
-5
-43
59
-103
-82
33
121
40
52
-3
73
114
-115
-58
70
-87
29
112
110
54
97
91
-49
102
-112
60
94
77
123
-120
81
62
-75
70
16
113
46
-64
-17
-124
32
-93
-5
-21
38
-109
73
-117
-33
-26
85
-29
10
-85
-74
-101
100
59
47
50
118
109
3
-13
-68
-72
20
36
11
15
-7
-8
65
-30
-32
76
-47
-15
-103
13
-30
102
16
-123
-49
105
7
-76
-33
-67
-19
-48
60
100
-52
0
72
-76
77
34
-80
83
65
-88
93
10
-27
39
111
54
-61
40
120
27
-35
-49
48
25
-15
-103
-23
-56
-3
51
-5
-63
-17
-55
-52
96
77
70
60
80
66
-77
59
-114
95
80
34
24
51
76
-8
64
-76
-79
107
51
77
-84
27
-90
-33
4
-76
32
-11
61
-1
-81
-47
-86
120
20
-49
-70
17
-39
102
101
-49
-50
30
-11
-112
56
-5
97
115
-3
114
-53
75
40
32
71
25
30
-63
98
-87
106
-1
51
-119
-96
-99
-14
-9
41
9
58
-33
-42
-94
21
-5
-120
73
111
-15
26
-36
-8
102
76
-35
64
-118
-73
24
-74
-38
-53
75
104
33
84
-114
-9
-106
78
100
8
-81
-113
-6
34
-29
-33
-66
16
-74
-73
113
9
62
-50
-50
100
33
70
-17
37
81
-123
-125
76
50
120
16
-123
-27
-61
-47
12
21
-46
-115
-75
88
4
-122
79
-37
37
-8
-5
20
80
49
121
33
-123
-61
70
12
111
52
-4
116
-75
50
-50
-117
24
6
-104
-57
-54
48
50
111
-17
-28
116
22
-20
-11
63
40
97
-18
-103
-110
32
30
9
-90
-107
114
85
43
-100
112
-114
-42
13
-12
-11
-104
26
-25
73
57
43
54
-113
100
-94
-60
89
43
118
-8
-108
19
-97
-83
-101
15
28
90
-110
-17
19
-89
120
75
-108
39
109
-117
-68
-48
-22
29
11
118
-19
-19
2
45
68
64
86
64
94
35
99
-84
106
66
97
-85
-75
-117
-8
91
97
60
-96
16
-11
112
116
-15
38
12
-26
-96
-79
22
28
43
5
-2
-47
-20
118
-38
74
94
-86
23
-62
48
93
-20
-121
12
-7
-125
-42
99
56
54
37
-76
-82
-33
49
-51
-98
91
69
-102
28
-14
90
39
-29
114
-116
-59
72
-17
84
-63
-101
76
-44
-122
-115
95
-91
73
60
3
-15
42
-120
-9
-93
-82
107
-99
86
54
21
33
-80
-75
-123
7
-90
39
21
-97
97
106
-97
-7
-20
97
107
13
-47
-95
57
-71
-43
-25
-52
-124
116
-26
105
-68
1
13
-122
114
102
93
-2
-73
-68
-56
0
-35
-67
-94
-9
-107
-76
19
-25
-76
-107
60
66
-20
53
-74
40
77
-94
-12
-64
117
87
96
118
89
-106
-99
-64
2
5
-111
-55
95
-32
125
102
94
-27
-46
-47
9
-100
-118
-91
73
-118
73
-57
-117
71
22
104
42
102
-16
12
45
43
94
-16
123
108
-28
25
82
-6
66
3
90
-66
-65
-122
5
66
-99
76
-35
-31
17
-66
84
-120
101
1
-25
-122
-77
-42
64
-42
45
-13
113
-119
-35
5
-37
84
-81
14
-81
56
-54
-42
-49
8
1
44
-43
98
-23
70
76
72
-36
11
113
103
-1
112
-49
-5
-49
6
-1
92
117
-40
113
-45
31
-80
50
-19
-79
-69
85
-95
-25
-44
-109
39
121
30
-19
5
-76
-93
-33
80
-117
0
36
14
-47
43
-61
-32
-124
-75
-77
19
-10
34
-98
-94
-3
0
-113
76
24
-104
-101
-22
43
-23
57
93
14
92
-44
56
-48
46
-43
43
-103
-125
-71
112
36
80
16
54
71
-93
-85
14
-101
36
94
121
-22
2
71
-114
90
-29
-80
28
60
107
40
12
-108
45
15
5
-123
-90
11
63
82
-25
-20
-81
15
122
-43
-28
-58
118
-94
58
-57
-102
8
35
32
-57
50
-76
45
-42
17
-81
7
-88
95
16
5
-55
-124
98
96
-52
-68
94
-114
86
-40
-111
27
-114
-82
-61
40
103
22
-44
-20
-28
-104
-75
62
-44
-69
70
-90
-64
-33
-53
-87
104
-74
-18
-32
42
72
-3
-7
35
15
20
-17
-59
-83
119
24
-40
-38
120
-116
119
47
-70
-117
-124
-57
-118
-80
-62
-11
-24
117
113
-38
53
-45
88
-41
-55
24
121
-88
58
115
-113
103
71
82
-83
83
122
33
-47
-51
-82
-108
-92
90
76
-33
88
-97
35
-75
91
103
-1
103
33
-73
34
-36
98
102
-92
-47
119
8
-37
9
-76
-18
-96
-87
-81
-116
15
-99
-43
91
-96
-119
86
-77
-111
-81
119
124
-4
68
-49
123
27
-67
-116
70
-12
68
9
31
-6
7
60
23
-37
-58
-8
-90
-15
108
95
-21
-77
22
-19
14
-80
35
-28
2
69
100
-78
99
106
-72
91
-101
41
30
-81
-49
4
-89
66
-115
-35
36
107
54
15
-48
106
-29
36
-104
-30
-116
-46
4
-1
121
67
6
-76
-4
-40
-116
42
50
19
87
-121
23
-108
-12
-12
-71
106
-77
121
-44
96
-80
-59
-66
-91
-9
6
84
-65
-32
105
-72
76
51
-108
92
108
90
90
-66
115
73
-121
111
86
88
88
-82
88
-77
-14
3
111
18
-94
-59
-103
-122
-86
42
0
-54
-6
-109
-80
-28
72
-5
-64
104
-61
124
119
-87
81
78
-94
17
-71
-67
105
57
53
57
-23
-115
81
-56
66
85
31
54
69
-42
90
-45
-1
72
54
67
2
32
-14
-111
34
121
-8
8
120
77
16
-16
-102
-93
43
0
27
-72
-99
12
-121
86
-77
22
-24
89
1
-55
60
-124
53
-61
54
112
-96
47
-12
-91
17
124
-30
65
67
124
86
59
73
26
-125
-35
78
-45
-35
83
82
73
-72
-106
7
1
88
-22
-73
-81
71
99
-31
-73
-93
-81
-69
120
62
-41
80
-32
20
-115
107
104
56
80
-74
-99
102
-45
68
106
-39
116
125
82
30
-55
46
109
2
-5
-103
92
-18
-70
21
49
88
-15
16
-96
-122
-14
6
60
106
103
-74
-68
1
82
3
-32
3
99
10
51
-68
-91
12
60
27
125
-43
-20
114
10
79
78
-63
23
29
23
-60
50
26
83
-104
23
24
34
-22
-6
104
31
-97
122
-77
-52
55
-23
74
-39
18
-87
108
-12
-85
-49
-5
-105
55
-25
-41
91
-30
-35
-90
84
52
124
78
97
-30
-27
97
0
-99
97
-98
-116
-82
71
102
110
-9
64
-115
-63
-125
112
83
-113
115
-125
92
33
-55
-64
-119
-3
117
44
28
-34
-8
3
104
-33
20
-71
-25
-17
-44
62
89
25
-96
68
19
-81
-82
-37
-114
-63
125
-86
12
-25
-58
-83
-25
-44
-85
82
28
-86
-96
-8
-44
-3
-26
-41
-52
-37
0
-63
-78
3
-50
-86
-101
118
95
41
74
-71
-18
-85
-94
-74
-114
13
46
115
-59
-56
120
121
58
102
45
-98
-15
19
93
58
-42
-4
-25
-103
35
114
-91
117
-84
-58
-41
-32
119
-27
-7
-16
-83
81
-17
-36
81
80
-49
-32
-124
31
-5
108
79
-37
93
-46
89
-10
17
-27
49
-31
-40
47
108
18
-23
45
-118
-24
65
-74
-90
-98
-64
-5
-113
-17
110
-33
-91
-21
27
-106
39
53
-11
-3
-4
122
-64
80
75
-109
39
102
17
19
72
124
-97
58
-119
-91
91
13
37
80
-27
-80
120
111
-108
74
-80
-92
93
-70
98
95
-114
-45
-2
-45
113
-25
-39
-93
-46
84
34
-84
-22
120
-21
-41
8
-41
64
43
67
-125
-75
18
73
-109
53
-95
108
-104
-49
61
-70
96
108
-80
34
-80
-41
-121
57
-110
-36
-29
50
-25
110
91
-51
-47
31
91
-22
-70
-42
-99
24
125
-79
25
97
-114
-92
26
-107
38
-91
71
37
112
91
-25
83
95
58
109
-24
-72
-35
24
-63
83
97
-69
23
-119
42
-124
-82
-111
-80
-121
-95
101
107
50
-80
36
-59
-53
79
39
-121
109
5
-61
-4
123
36
80
-71
21
72
73
-71
105
-66
51
101
104
-85
-82
67
58
107
40
-102
97
89
-12
-24
117
-79
-124
-123
-42
-105
118
-122
55
38
52
74
-89
-62
-37
-68
40
-22
53
-25
57
-1
-19
-116
31
107
-80
-35
-27
-34
-36
72
-20
82
43
-10
20
-76
-112
43
33
71
95
25
-74
85
-3
-97
-89
88
-4
110
-110
2
98
-93
-120
67
-108
-99
-25
106
12
-120
-37
23
88
-102
-31
115
-14
84
71
-106
97
-16
117
45
-112
-125
93
-23
36
86
-87
-116
103
41
52
-46
-10
19
18
0
107
-47
-64
98
108
-112
23
-53
-18
79
-73
21
123
122
75
-70
34
-110
-20
-109
72
-20
1
65
-104
-75
-40
-121
41
-71
-104
13
-27
97
-92
-58
105
47
-34
6
-125
-110
89
-67
101
-4
70
-27
51
25
-57
106
-91
29
-41
-99
-12
121
45
121
92
-62
82
-2
12
106
-114
111
-85
-99
-15
-2
-83
3
-103
-43
112
-96
-84
-17
35
-50
100
-47
-125
-87
-118
-100
-44
-103
56
-11
-14
-73
116
108
-36
32
99
-63
-31
33
86
-71
34
-3
61
-1
-105
63
-121
6
122
99
-73
-93
-69
-111
48
-105
76
-54
42
-39
111
-59
-35
6
20
-41
-4
-76
-83
-12
-48
71
102
-125
-82
108
-62
13
108
-64
-79
22
15
113
-60
17
24
41
-13
55
-3
47
-39
19
6
69
98
-66
56
-30
-46
-23
37
14
113
125
33
2
20
98
87
-4
-93
-56
-76
-8
-96
72
-57
-107
8
20
54
-103
52
87
-74
24
40
-78
88
-88
22
-49
18
-22
-17
100
-57
44
-86
104
-39
-85
94
24
-9
3
115
-120
-16
59
44
-77
-71
111
81
-100
-40
58
-58
100
38
-40
103
116
-43
119
108
-56
-42
38
80
30
77
-23
81
117
-117
17
113
-64
0
-121
-50
54
-23
36
-35
67
-95
97
-62
62
-63
-123
-72
26
-21
77
-58
-105
86
-93
55
-70
22
113
60
-78
22
-60
93
-27
-110
73
61
98
46
82
54
-29
-35
28
-114
2
93
-42
-89
-71
29
122
-79
-24
-6
-119
88
47
2
53
-54
14
-67
-44
-4
-112
118
42
-92
26
-64
49
80
78
-91
88
-14
10
6
55
-67
14
-47
68
67
-84
50
107
32
-75
102
-98
-29
112
-104
56
-53
21
52
-71
-21
-121
106
44
44
-75
50
115
-2
48
92
22
-78
-94
29
-118
-62
119
5
125
38
-35
-3
119
66
55
22
101
65
12
-123
89
71
9
101
41
82
86
-123
-70
-89
-28
72
-115
101
37
-39
-56
99
-31
-53
32
113
-47
107
-21
112
-57
-53
29
124
-6
72
-2
-16
113
-37
123
-16
2
63
-91
27
-125
82
-49
-91
-87
25
-82
60
115
125
-69
-56
58
-35
-111
105
-1
30
-74
-105
102
-72
73
58
33
-42
74
64
13
68
-38
124
-30
-21
-33
86
123
9
-118
12
-42
97
118
106
-52
125
103
106
63
-11
18
-55
-43
33
102
-7
-40
-11
-100
-99
-81
35
49
42
3
71
53
25
52
20
63
7
26
81
-106
50
33
42
-76
-125
14
-97
-25
110
-10
-125
-24
56
6
-71
114
100
76
-80
3
102
68
96
-8
117
-107
120
125
-63
104
-4
118
-111
24
-100
-57
-124
73
103
86
107
67
38
21
103
17
-99
-108
5
53
-50
123
69
43
107
15
-94
-60
-4
107
-17
97
31
39
118
-64
-97
-61
-68
-27
-89
84
-77
-30
119
76
-64
-41
1
84
33
-53
-58
-84
-110
39
42
82
-38
-99
-93
123
75
33
-37
78
-114
114
46
38
-90
-20
104
-20
68
-26
34
53
-46
-53
72
-71
-67
97
91
18
-100
39
61
-17
-18
-74
-73
-115
70
113
65
72
5
-25
-114
79
-76
-43
-23
-68
69
16
-124
105
-113
78
-45
-24
-89
-20
-65
-2
83
60
71
-98
74
-7
35
95
-60
106
110
-112
1
-31
55
-85
-97
24
-63
15
-1
88
9
-21
-105
95
-33
27
-106
65
-83
-61
-76
104
3919 3948
4507 4734
1363 5609
3108 4986
1205 2911
1313 1780
1349 5579
5101 3501
1755 1813
1831 383
1913 2985
1504 1089
3630 4041
2261 1591
972 2317
1242 4921
4925 4973
5944 1125
1505 2496
1479 5207
315 1414
4256 2391
4846 3187
1500 2372
161 2604
3137 5664
3898 183
4511 2556
5242 782
2485 1126
2165 3141
1850 4975
5430 3293
5497 5938
848 1319
2379 4690
471 1196
5787 2707
1136 2877
5959 620
1319 807
4003 2283
4128 969
5490 1433
5552 5097
1287 576
1916 3235
5512 1594
3682 4051
2389 156
4167 2854
4280 4675
1072 4876
3485 5725
1861 1457
5779 5756
3811 4236
3012 4070
4833 5911
1234 4000
374 816
2290 1869
1705 351
2237 2481
2760 665
5636 923
2381 1924
5061 1714
2190 573
1948 767
4340 4087
2907 2140
2751 4372
4844 555
3159 392
5942 314
1430 4812
4607 1557
228 1057
2673 1885
883 2981
1280 616
1628 779
2474 2440
889 1606
336 384
2645 278
4693 5445
385 1735
900 5889
1769 4453
455 2046
1734 4693
2373 1425
5397 4112
4875 1829
1560 2657
383 1465
1563 4481
1984 3724
905 3104
5298 2057
3296 2199
361 350
1027 3580
4372 3457
1007 4486
3788 2340
4672 4034
2749 3416
4340 5557
772 4721
1136 4547
3497 1705
2754 1983
3391 2823
5270 1395
3738 2961
4493 3603
2080 5151
5052 3133
5475 802
1665 4003
1598 3493
922 3917
1454 3635
5865 88
5699 3209
323 5012
5735 5725
217 2125
5438 5232
1081 5543
1119 896
1189 127
1122 4384
1971 3120
1450 2396
4519 5636
3413 1272
302 2924
2161 3880
3532 5057
1169 486
5129 683
465 3311
488 4098
1206 5295
3800 4116
1161 4894
782 4534
2934 1434
1826 542
2560 871
1561 1904
168 4293
387 376
5869 2882
582 4632
1798 127
5163 4626
2846 4710
2247 680
255 1900
3724 3953
5378 148
5121 1935
837 997
560 2367
2094 3324
463 3377
2975 1717
2193 5561
2603 2294
237 100
377 2412
399 2943
2294 1867
4158 4069
3711 1712
1982 1095
1536 4777
1270 3793
5094 775
5877 1531
3596 1778
5649 3581
4820 5246
3728 806
4643 238
3402 639
4338 2006
2111 3707
4019 2116
1637 2050
5185 3474
4532 3854
5659 597
3510 2229
2306 2554
5385 3241
5169 3650
4455 2093
4092 3899
4136 2409
4524 4689
1734 2543
2523 1348
5169 494
2714 492
244 2295
1851 1242
4168 3742
4332 2817
5335 947
4785 197
3988 4210
3637 3587
4969 376
4594 2769
4625 3864
1343 4855
2567 1693
4409 4654
511 2384
5638 952
1827 3291
4598 2385
1280 1311
3162 5108
691 2307
3946 1344
2190 2351
5153 5629
3728 1784
1228 2730
2003 1244
1219 4873
1687 4624
887 1757
975 1656
301 4386
843 1720
3417 1278
3862 1080
478 4070
4737 5485
2613 180
5327 4613
2125 4744
482 483
2610 3197
3910 1053
2993 5806
397 2226
3946 2728
1163 5631
2007 5377
5570 308
2477 5145
4433 2307
704 2464
2616 2312
5787 968
5568 1151
448 4365
4664 834
5693 1666
1587 4531
2832 110
912 2969
61 487
3274 1598
781 1901
1666 3208
2585 4986
5417 4518
983 5513
4386 1742
804 3285
5911 3620
115 5315
1227 1245
3141 178
3568 725
3929 241
2666 1518
38 1267
4644 1579
1511 3167
1537 2156
3958 4650
5766 2442
2252 1065
4854 3541
3479 5713
1725 5947
302 4882
3265 4780
2721 2084
4758 4348
2196 1280
2306 1353
2093 4306
5137 5870
2268 3774
3273 2775
683 992
5567 5846
3238 2968
5276 5670
5965 4454
2907 29
279 979
2628 2087
5610 3280
1662 3152
2872 1234
5696 2306
3851 927
2985 3969
1685 1250
4480 1507
4257 4181
4206 1700
1390 4927
1356 136
2589 716
5255 2498
3577 2285
379 3237
3623 3743
5310 3625
222 576
1148 97
2344 4527
1252 410
2185 1588
912 4982
1120 1232
5434 4474
3484 2645
782 4373
5552 3017
3867 722
5978 568
1262 351
5521 2456
640 991
2461 5937
3726 1101
475 3516
5066 4163
1681 5402
5840 4649
5279 5401
3068 4913
2551 1683
5690 5395
1998 5959
1901 341
4291 1596
772 4973
2399 5251
1883 442
5438 2877
2638 5743
557 5149
5923 2
1412 543
680 5844
5687 792
1754 961
1879 3600
3432 1339
2942 5918
423 4962
2347 5762
1319 999
5530 1737
4102 1441
1416 652
4612 3872
1078 3690
3383 3903
1803 1784
5600 4255
5471 54
1741 66
5317 1348
2576 4693
4041 3348
256 3698
4539 3921
5294 5141
1594 833
3963 3725
3524 2679
2056 149
396 252
4606 2580
142 527
4752 3458
2096 5146
4877 1180
201 5575
3370 5369
3590 483
128 1165
1978 1858
3073 5070
1142 307
5729 2694
5609 3301
2595 3897
2282 490
817 3784
4436 5403
1200 612
3969 1805
3075 758
4890 322
2814 5327
4830 3634
1294 411
4337 2284
712 508
1670 3400
3728 2788
2545 5327
5067 5555
1606 2605
5606 4466
2486 3973
3992 3534
4139 3381
2309 2457
2305 1628
1589 1950
2104 2890
3380 3828
4311 2071
4251 2293
3780 4966
5888 5951
4993 2955
2761 1146
3721 3339
4631 2315
1115 1955
1392 4392
1525 4700
461 4205
3622 2621
357 1439
3933 3954
4841 703
5317 3787
2643 1922
4245 4408
4201 94
643 5315
3718 3351
2314 3518
378 4059
5404 2000
112 474
5993 4202
1169 4666
3503 1198
232 5418
3476 2
2965 1366
1635 929
5126 5242
5716 5667
4259 635
2207 2767
2120 3666
2017 2510
2937 2858
2992 449
4081 652
508 2101
443 8
3175 4646
5540 327
5766 3058
2641 4879
4728 1456
1085 5687
1015 2001
1254 2956
2652 4757
905 1011
1800 993
458 911
1008 5808
2441 3221
3448 2695
4657 2366
4884 5645
3059 4494
2779 2459
2051 5043
5389 2416
3889 4111
838 3209
1674 5481
1971 4271
2992 5889
5573 4193
231 1155
1604 5044
5553 3294
2133 55
1485 150
5903 1644
3548 2134
4362 852
516 2394
1433 2394
2888 1419
3290 2403
3911 5068
3948 4148
212 3926
4656 3877
71 1727
1491 517
3458 639
2218 4334
1430 3734
1759 410
214 4280
5004 5894
5420 3739
4165 3829
3116 5475
2651 8
118 1612
1390 925
5615 3864
2242 4662
4930 3800
2101 3516
946 3376
5536 227
4596 231
1005 2015
4715 2620
1368 5319
4980 1856
4680 5625
819 655
5072 991
4813 4976
3361 65
1768 4336
4163 1403
1520 3289
2195 560
3259 3977
4559 4206
687 1024
3984 2084
4690 5962
4759 2945
4242 2255
3867 847
1463 5527
1346 2401
886 1297
1950 3496
2615 789
3194 4572
3993 73
2021 2793
1316 2802
2702 360
2239 699
65 3775
2995 1466
2352 4364
1088 4721
4102 254
4494 5010
5672 3524
3751 1911
1805 1771
3620 4865
4447 2417
2261 3535
5618 5823
788 5330
949 5015
3084 5646
4103 2107
3398 5412
1500 4478
532 4237
2320 5534
4274 1609
1659 1266
3194 3658
3525 2672
695 1482
2748 2499
3068 5796
515 2651
5029 1394
1997 2117
1422 2691
1515 557
3187 3199
195 2737
1352 2061
5714 3304
1146 5252
2786 5842
2597 3649
1807 5378
4968 3754
4790 2153
5062 5248
1568 3509
2142 1178
2414 1850
5821 2927
5973 2303
3330 580
4604 2668
3459 3416
4963 4339
1438 1915
246 2477
4642 2966
4834 2758
1247 375
2376 5564
3419 1483
1120 1251
5143 4290
4175 13
609 653
4940 1912
2011 1963
463 3576
2828 1333
2844 3879
3158 5766
799 1706
4376 3423
3815 2614
4324 394
3784 3458
915 365
4539 3199
3032 4385
3129 182
4019 4740
2137 5648
631 2572
1526 2844
5805 5741
3620 3324
4298 3788
1380 145
1679 1573
2982 905
2207 5514
5630 342
5159 2493
2986 1600
25 2545
2835 4477
3577 4955
2307 4704
1036 5518
1574 2400
3261 2376
1044 1003
530 87
3869 1723
4495 3008
4358 4823
1353 2257
707 1565
1357 3205
1109 3631
3554 5432
4422 4331
412 2876
5219 5199
5059 571
2106 5949
1972 4941
4195 4171
5510 3885
4484 143
4367 2519
2223 953
2200 5333
5215 5489
3551 4571
883 1394
731 831
4730 1255
3253 813
2432 950
213 4313
792 2810
2010 646
2410 1781
110 5063
1614 5653
442 1636
3882 3270
2870 5503
2457 5321
611 2936
5773 5155
5420 2414
3702 1769
4890 2278
4995 3931
3992 2449
2104 5311
5511 4665
1281 943
4419 5084
2294 5349
2693 2157
2895 518
1465 1415
4682 2045
1475 5075
5498 874
2398 2204
227 4010
2949 5057
516 1816
1110 3339
2531 3092
515 5215
4191 5236
3435 4998
962 104
2393 619
2149 66
5771 2837
9 3957
1445 2342
2339 974
5959 579
2296 2353
5421 4437
4858 3669
3957 2926
5361 1874
4822 3712
3549 857
2911 4043
234 4101
3950 758
3253 3441
5090 656
2735 2666
659 5751
64 3735
1312 2569
5310 1254
1593 2441
2141 5784
3679 2276
3593 384
4137 5076
2018 472
2584 1508
295 68
4604 118
5607 2171
4872 5650
259 324
4084 5359
2536 3437
418 4023
844 3250
355 5062
3814 1851
4331 1571
2099 4198
1458 2963
55 4440
332 4105
5809 4814
892 3442
3634 3641
1316 1409
5694 3161
3520 3958
4036 3753
1380 2213
1115 651
2962 3796
5277 21
3489 116
2393 5437
4618 532
5139 4513
5557 3362
543 922
5716 980
4782 2466
302 2950
2488 4419
1599 2308
1707 5282
4589 5995
3442 1852
3966 5643
2490 3071
5640 5103
2161 3996
5050 1680
5007 4140
4105 4231
3674 5057
813 4482
5524 2654
1230 4105
3496 1417
5785 1441
3413 2320
2119 2576
858 5482
2751 338
1203 3776
490 5308
4963 619
5016 1807
3187 463
3506 5711
3785 5657
2752 2901
3356 4677
1644 593
5287 1556
1142 356
5580 1323
1721 1821
1499 1327
5837 5122
5427 1536
4494 626
1768 3827
5150 281
1462 2789
5271 2227
4101 1244
2931 228
2797 400
1840 2024
1996 2011
4334 1558
118 5212
4666 1178
908 2642
1504 5204
5424 4215
5020 1611
3719 2219
5842 5973
2640 5347
4896 5787
1253 881
352 4425
624 4918
2562 5588
1936 4502
1321 2287
3499 5067
1140 2751
2806 2764
2704 4526
1250 5070
1421 861
4297 1403
2158 1261
4091 5299
4789 3055
3746 2945
2078 2954
172 1184
2234 4366
3594 2829
431 3287
3684 4126
2078 2228
4784 1875
4150 4072
5987 2588
2263 1169
4694 4604
921 2487
1900 2268
4110 1511
1028 4355
1541 2017
266 917
1568 5790
2563 1337
56 38
4425 5327
1328 3649
1075 5169
1688 28
3736 1882
4563 5375
3205 5285
859 5036
4718 5271
5699 1290
882 3343
3468 2548
3522 1693
2652 3948
5378 5681
189 3523
4497 5301
1490 477
3318 4382
5231 4080
860 4526
5785 2510
303 526
5996 5956
1447 2251
3148 2114
804 2686
4957 2987
1579 3552
1095 4975
3680 5293
2420 1928
932 841
2844 993
1330 1328
2292 4654
1508 5794
2914 5655
5099 1183
4420 2103
15 4848
193 5125
1396 3239
5167 2512
5565 3463
4951 4432
3285 5222
1639 1243
92 3665
2422 3365
30 5137
445 5676
4859 1582
308 5315
5346 1889
123 3068
2911 398
2858 5516
5431 1634
1626 4266
2706 4553
1958 2999
3416 3987
3100 3125
4286 1191
937 4881
515 5481
100 5811
2343 2248
4617 4040
204 891
2393 1645
2575 3630
79 3134
3560 1815
390 5200
175 3646
3834 4172
402 492
4893 5805
4389 1763
5547 5181
521 5342
2799 4458
3952 2618
5399 2575
3472 1446
1814 2896
3542 1735
2009 5717
3373 3039
2188 699
2479 3263
4285 4103
4282 1882
1168 3181
4295 5116
2165 2560
423 714
3384 1291
3631 1372
1432 1247
1126 4889
1642 3390
3069 3297
782 3047
798 5873
4738 1651
839 83
3925 4064
1433 4148
2447 4187
156 4218
1616 1363
2774 5973
4758 412
4188 5652
242 2738
3479 2332
1661 430
2203 1365
983 4333
5940 662
897 4447
5042 2946
2892 4910
4407 1826
545 3264
3917 4197
2242 1358
765 1733
1729 2502
1150 1068
1503 2846
1323 967
487 4522
2553 1146
4877 5903
3847 2596
3121 2985
1894 1924
5465 2922
1163 2764
3182 5284
1314 1110
3301 1433
2693 5460
864 1137
302 3851
4406 2028
3785 531
1105 1976
1678 1544
5478 3669
1134 1877
1931 4359
459 2946
3444 3196
3533 1819
3070 2927
4034 404
4031 3292
3798 393
3869 1237
4755 5930
2591 324
4170 4839
5329 1537
3699 4392
5020 1431
3362 4785
4677 706
1594 4708
1541 3948
4294 3463
2361 2073
5862 295
890 4063
4727 4317
5279 617
1110 1696
5378 5662
1654 4715
5041 5757
1296 2913
3414 5340
3498 910
5545 3362
1643 3760
1220 2050
5326 1942
3431 105
4837 2855
3245 3689
3232 2631
1694 2903
990 933
4071 4785
3124 3832
2951 852
3868 4331
3788 5437
383 5622
317 5935
277 5120
4393 3189
1916 4818
96 3912
488 1085
4751 3539
2010 4207
3314 3685
5044 1122
5190 3862
1036 1637
141 2846
3839 1727
3253 3346
1032 5137
1611 2769
1889 4731
1420 2478
761 194
3932 3118
1670 1984
3210 4565
3629 3533
1172 5292
2480 3133
471 5414
4791 4890
2522 1730
194 5412
5371 2115
798 2677
5642 943
2198 1465
3877 3845
1964 4718
3651 547
728 1641
5173 4071
1296 5642
3130 1556
2457 608
562 2310
5197 896
3301 3466
2173 5090
2149 1608
2281 2316
1921 2274
1645 355
2556 1106
2734 2655
2029 1599
262 911
5640 1248
2396 5341
3421 1812
5000 3507
399 1313
2165 4574
56 5052
5272 4929
811 3576
5648 1133
5098 82
4462 2896
3465 1965
1991 1740
675 4105
199 1738
59 410
2184 1518
4806 4598
548 2557
1831 5534
3784 3548
3962 4688
5545 3258
2565 125
1243 289
5116 5959
3904 4745
1061 4941
1758 4558
27 634
1956 4834
4630 2219
4093 3606
5179 5488
3174 1110
1152 1972
2317 3826
1491 848
539 4100
299 477
52 5023
2287 3161
5787 4484
5014 1212
235 3003
2127 4795
1972 5536
466 5996
5427 1116
1733 4027
4901 1750
3412 4444
5133 1193
4715 1971
820 2872
4886 513
464 1583
2219 4751
2649 395
4214 1840
1959 5517
4613 1393
3712 4875
1893 5109
2897 568
4797 3263
1546 4918
5337 4190
4239 4744
74 4768
2285 220
876 4928
282 4297
2888 3762
47 150
5995 5938
714 1083
4423 5511
2431 812
1992 349
4624 99
5994 4211
1949 1053
3641 802
5357 4120
3304 1152
13 186
2342 2308
5944 2038
3870 5962
872 1883
5679 4809
5851 766
2859 3428
874 3001
3523 3630
3367 3316
1779 5393
741 1987
1482 2224
2540 5504
1741 4075
3948 3738
269 1123
2530 5757
1270 2159
729 3428
5032 1807
1667 2637
59 2463
2345 492
3695 5678
527 2211
1746 2831
3274 4017
2470 3519
4022 3928
2322 457
4756 2307
4087 662
4993 1415
4326 57
5021 3241
272 1706
5562 2384
4222 4673
5171 29
2466 4646
5679 2553
3246 2054
5766 1293
964 4873
5443 5432
2045 5185
123 2716
1982 4869
2765 5818
343 3472
4938 2240
5598 5635
3879 704
1148 4546
400 1586
3478 1502
4272 5885
1535 3790
846 1506
4235 5124
5546 4905
2743 189
3529 5488
584 4808
845 4320
4994 347
2392 1043
5658 2306
834 2372
2237 1914
3177 3461
1585 4638
2393 2599
3165 271
2013 4661
4309 393
4788 2242
1849 4595
2711 4836
975 3127
410 4817
477 1971
5392 3657
3547 5855
52 4708
2953 4736
3366 2254
861 1261
5075 2863
4288 4768
3481 3536
121 5759
3960 1419
4393 1804
3964 4370
4217 3897
4811 4515
129 528
2666 1787
2347 466
4565 3576
360 2318
622 4883
2593 4468
2454 5694
2656 2219
3258 298
2127 3120
2799 1725
5473 2720
305 4162
5824 5239
5737 5168
4119 2778
1965 4832
2353 4514
2044 2153
2354 3162
4394 5038
2517 2475
5305 3579
1317 4134
377 3276
463 722
913 991
5016 4678
542 4442
4987 697
5355 3840
5910 1912
2370 1584
1542 425
1266 4462
3663 4973
1618 262
2816 3850
2116 4159
4455 5690
4126 2029
945 2238
85 1593
4549 2056
4810 5140
418 4631
3402 1673
3333 3396
2145 4067
640 4813
3486 2000
615 2031
4253 5332
2428 3817
2481 2544
3550 5103
352 1973
5678 4924
1972 3988
1202 4732
430 343
509 2825
1326 2053
5054 1428
2416 930
1288 1574
1065 4645
834 5048
3587 5183
3968 416
3862 696
3682 1324
3159 1292
2908 5620
1637 1174
3398 5787
2049 1836
4868 4646
910 5515
3336 5713
3034 1284
5110 2798
1003 519
1081 4239
1629 2447
1268 2342
2667 4655
2764 43
4141 2027
1636 5358
17 2698
3161 1805
1340 3562
4783 584
2418 532
4507 5923
1637 5169
1715 2156
475 2590
178 5325
1411 380
145 5876
713 1932
3074 1682
4216 2681
5774 1985
2527 1413
5651 1642
231 1929
3062 1477
3684 5495
1727 1233
122 786
2389 1671
5761 1137
1783 2762
524 1007
4093 5954
151 4423
654 1402
2560 1454
755 1702
616 721
1020 121
1673 2737
3425 4822
1481 2268
1756 3557
4176 2798
3637 2024
855 680
5150 3742
4049 4207
5057 3096
1614 1800
982 635
5838 3171
2921 2901
1747 4869
4092 4803
3642 5483
3577 1698
4460 3563
4186 1077
2511 2493
1948 247
82 123
5601 961
2858 325
501 5710
3302 279
532 1548
41 5887
4602 1254
2185 2346
4987 2752
5140 590
1668 3075
2211 5869
1441 1178
97 5160
3489 4956
1485 610
54 5851
845 3863
802 3323
2358 1389
143 4279
2650 1818
4109 3089
3138 486
1889 5768
5724 4946
1835 1503
2662 521
2313 2748
2924 1478
5643 5422
3438 902
5031 579
165 1791
4318 280
4567 1970
1790 3698
2169 1341
3897 4621
1989 1939
2886 2387
909 3296
2663 2959
3454 5096
3355 1715
5544 3519
5780 2039
493 1999
347 3586
760 5701
1090 1885
5888 172
4443 3718
5661 2063
2712 1651
5691 2361
595 2185
1532 383
414 1003
2563 4784
1789 4902
3998 4124
1715 3549
4611 2515
186 1744
831 5183
1911 4722
2618 5157
1741 3451
911 4984
209 3867
4443 1023
1230 4401
1460 1575
2874 779
5676 1787
136 479
1349 3220
944 5817
3624 76
2332 5733
5137 2455
3252 4031
1997 2468
1852 2281
262 5264
2028 5309
4014 5437
3840 2084
2043 5473
737 2855
818 1921
2981 2276
1687 2735
1250 4290
2307 2385
1097 3432
1927 2661
1568 172
1904 1122
5312 792
5083 3296
5489 5137
347 5963
3074 1482
5657 5300
2685 1382
2188 4472
4042 3166
3657 4757
5027 4610
2540 3691
697 4227
1704 943
5765 4624
2859 1750
5489 2607
2998 5631
4664 1631
795 3506
1178 347
7 2280
2613 4401
2163 346
5569 2756
4629 2767
1722 464
2845 5552
1876 3004
301 5535
3962 4452
4791 760
3815 551
654 4214
3305 4190
118 280
2930 2703
1517 1494
4097 4304
4990 2991
1712 1856
2531 1476
5695 4963
3451 2075
514 1388
3805 5900
2727 3376
1036 1872
3322 2488
5723 5452
5148 103
2179 3048
5009 1773
3170 1252
1465 1835
2790 397
1153 1080
2779 2989
4523 1268
1697 673
1019 4971
1793 431
5844 1468
2801 1351
5410 2714
2438 217
5609 3474
3786 5111
622 286
2671 3261
4725 5162
4627 3102
4939 2245
2116 5873
996 3963
789 1308
2472 1616
5633 5679
2313 1151
5471 2772
5240 1332
983 4469
88 295
1621 3855
2115 1242
1051 2454
3101 1268
4204 1721
4182 1904
4774 88
4355 5983
5647 4787
943 3925
3252 1892
5118 3507
4301 5023
4642 2880
2869 5705
1970 1981
1001 1207
3127 73
3599 3625
569 3491
4329 3415
3594 2878
1242 2058
5824 2618
3528 2158
5641 1232
2066 5478
4155 3198
5956 5537
1978 2932
4633 4508
4781 2462
2961 408
1666 1251
1859 1565
2481 5357
292 4655
719 5962
568 1600
3076 5810
1400 3318
607 1610
4517 2078
1304 9
1740 5825
3206 1033
1067 694
4338 2624
98 473
1036 751
3166 3691
4477 3675
2946 3689
701 218
823 5761
2997 320
566 4706
1943 1403
5299 2419
4429 1612
5900 407
3888 695
3217 3008
602 3404
5191 4498
5677 4983
648 4649
2645 5444
1326 5613
1516 3144
4800 4213
925 2796
4043 1306
2891 4155
2436 766
1074 3262
5789 5884
1646 5238
4694 2353
2283 3930
3190 4891
1325 2161
4154 2481
5986 5714
1406 2532
3668 4810
3386 3861
4178 4542
414 1415
1986 1681
1441 4469
2768 2105
3398 935
1706 1181
3360 4561
543 609
152 1837
2085 5702
2860 4155
5018 3723
730 5397
5101 5721
4190 232
5758 2909
744 5408
2595 4535
81 2114
717 3171
2895 5248
4891 3013
4104 3161
1757 43
3844 5599
3355 5758
5429 1101
5942 4760
4555 2937
751 1116
611 3318
4648 5907
1200 669
920 3
5453 445
1347 5077
5090 3360
2552 4262
837 608
3516 2414
1602 3754
4904 1520
3550 145
3407 3537
9 3190
1459 4045
1842 2040
280 5430
591 5430
296 110
2605 5900
1832 5559
4197 2814
4715 2424
496 2286
1094 1027
3708 884
5332 2149
1471 1807
3579 3582
3627 279
5359 5218
3795 3012
4069 2191
2669 932
587 1920
3912 3849
3030 1473
304 2
5931 1731
5040 1740
4514 3538
1847 2423
2072 6
2159 301
4772 1079
1818 2561
3421 4388
2477 1477
3881 4790
5521 5262
25 1392
4775 1052
243 3562
4444 5092
5584 3455
2686 976
3480 4259
5582 347
618 5257
5910 5237
2049 3795
3933 782
5747 5275
1384 672
3259 2482
2948 5053
4906 5832
5313 3499
3529 4155
1217 2333
4658 4531
209 2165
5680 317
5879 3174
4836 2038
2509 4687
154 155
4429 2692
4203 5871
5502 1695
5267 2573
621 3480
1894 5742
5743 5344
5855 236
470 1748
2505 1704
2642 4400
1250 2266
5114 5506
2653 5687
764 4881
3814 4935
5937 2590
555 5368
2372 1641
1881 1789
1317 2263
949 4827
5000 898
173 373
387 2674
3774 1686
1273 3707
1542 2240
2304 3719
4364 4114
1274 5749
2975 2495
1730 1617
1869 5997
4101 999
294 5211
3059 3970
1167 3367
3045 2170
651 3022
4562 5294
5943 3157
413 1805
3588 3960
1873 4267
1563 4897
2896 1378
3260 2619
5720 2695
4808 1959
743 5951
4448 5503
1904 4178
4173 73
3166 2863
673 223
1225 3264
4861 1837
1703 3806
3941 106
2116 616
2209 650
5509 3553
1045 5906
3994 1288
4868 3422
4146 2075
1200 5985
1155 5774
725 3163
4602 73
71 3439
1552 2624
1672 645
5502 4823
2831 1869
738 4613
4326 2726
786 216
2386 2382
512 2938
5144 2826
5487 1411
4158 3096
1221 494
4880 3123
1154 2128
1893 183
5056 5191
4657 2774
4427 3823
939 3403
386 3579
4770 5676
5423 5778
1323 3349
1875 2503
4798 2115
3894 3693
3843 4861
2382 3083
5063 874
2413 5981
867 159
1424 5788
622 152
3189 2239
2162 4906
1277 3681
4765 3862
1603 2036
1577 5840
1627 5846
4589 1200
5054 51
2293 3192
629 5596
528 376
1460 2279
9 1119
3289 2391
4281 3443
2453 1197
1146 5235
5339 399
1599 2074
2070 488
850 1398
5648 1680
878 3498
3680 5309
5694 3889
1059 1401
1829 3093
1166 2135
480 2239
83 1681
104 3279
3443 2451
2685 2830
5139 2989
624 2145
3057 3557
3295 3761
3529 1259
4551 4393
4739 4449
4516 3568
5407 5947
2653 5688
5428 2051
654 5510
485 1953
469 2099
2406 985
2321 786
2349 788
5560 3875
4124 4131
1049 2247
5966 5153
401 5541
4992 5689
5377 3501
5586 3689
4751 2331
1630 1461
4892 2349
1512 47
5047 4008
5846 709
4816 4553
354 5675
3727 1800
782 4955
1926 65
5064 3706
5284 566
2222 5869
2876 1311
4915 4395
2709 2692
4483 2261
3 2220
5587 115
342 4151
60 2929
609 3929
2874 842
5742 2727
3408 2004
1728 3239
1103 3341
5352 4131
1702 1523
829 2511
587 682
4710 5180
2955 505
9 4011
2543 5318
1226 1174
5600 5412
892 2603
3340 4490
5819 5898
793 182
5469 1217
698 3026
2662 5334
3264 885
3035 197
4434 4941
5770 2939
2272 4411
920 2962
5620 1199
634 4157
2042 87
5769 3383
4289 1970
3007 1127
2594 1322
3847 3799
177 3041
4564 2773
1763 3114
2208 1353
463 1340
2969 1384
2679 659
5655 2665
697 7
2336 3990
5520 2577
95 5893
4897 2571
723 3895
1955 1415
5540 5136
1742 2211
5244 4089
5079 4763
3043 3315
2091 1663
523 1133
2219 87
5117 2599
294 1909
5700 4759
893 4666
1944 1948
3283 3499
1678 5490
2275 5381
4446 1269
999 3439
484 122
4582 1615
1452 2074
5069 4703
2408 3072
5953 4465
5428 4597
4340 3777
2924 4825
3575 602
3532 949
3439 1436
4183 1631
1515 2605
4140 2590
5428 5405
2902 447
1429 1614
2563 2439
862 1795
1272 2826
2436 3256
3923 3611
3403 99
3041 516
3238 3258
2129 2649
5998 3141
2152 3080
5122 629
4950 3843
686 2101
5945 146
3343 4096
5952 1874
1573 2660
1523 5987
1546 4085
1618 2481
5458 5140
1915 896
2580 737
2384 5918
5000 1455
792 563
4337 1160
1652 4428
1837 4064
4661 569
4762 4398
5644 195
1179 4952
5474 418
2651 5503
5049 3630
3122 4475
3010 69
2086 5304
2465 5516
3124 225
446 3545
191 2363
1934 96
3048 1446
2161 4269
686 4479
1645 5570
5064 249
5963 4721
145 2526
896 2604
418 225
5855 2570
503 2149
4220 1325
5227 1379
3524 3762
1205 5336
540 953
663 5101
3159 2534
2372 2763
3180 822
19 367
3431 2230
1441 5562
5359 5601
4011 1356
2344 1208
3596 626
3482 4807
4036 4926
2497 2918
4922 5798
2822 989
5203 2271
5198 1691
1332 4299
1922 1593
5476 3664
5455 3786
2517 716
2782 406
1973 3846
1671 4295
160 87
2993 2083
920 1112
205 220
3447 1469
1188 2549
3524 2739
4654 38
4405 902
4757 4177
4276 3350
4601 197
1301 1019
3797 1155
247 1751
2162 111
777 4202
1787 2857
2190 4572
4320 2077
2372 2230
1423 1096
5426 530
2271 2605
5152 244
4255 3991
3131 3177
2879 3775
5049 1200
5181 5407
953 133
4675 1672
5519 181
3038 721
5263 2175
578 5474
1848 120
5597 3216
5348 1586
1321 393
924 462
4502 2034
1696 5439
2056 335
1272 2609
3692 4772
5621 4442
2432 1033
251 5856
3908 3619
963 107
3084 3057
748 2108
1927 2611
370 5789
213 2210
4866 5851
1732 1196
2732 2210
5499 3199
2042 2600
4843 4280
3648 1133
5027 3452
4629 5985
1540 3382
3521 2167
4004 2514
1271 2856
5382 1338
4981 4635
5417 3296
1609 2403
464 251
5175 1178
2946 117
3384 1917
291 5316
5077 2439
3811 2919
3796 3026
5989 196
5810 5627
3571 3503
4338 2726
1376 109
309 2931
1470 5162
3578 5807
3361 792
1832 5805
4196 2650
1882 4230
2442 80
890 207
3272 5699
1457 2362
65 5363
109 2608
5922 414
4964 5470
2543 2452
2889 4029
813 4057
2989 2374
1073 3067
2455 101
5881 2325
679 909
154 5732
3175 3293
730 791
2803 306
3023 2540
5339 1309
2951 2680
3350 5302
3961 1783
1897 1057
3644 2966
5545 4880
2231 444
5133 2617
3465 640
1640 1482
266 3479
2197 3402
1105 5165
1587 2097
1335 806
3827 3402
5691 3397
5792 5832
696 5405
1151 5992
5301 2374
5511 4566
4379 3875
3666 5522
12 2129
1652 5939
4529 418
3324 3244
2613 3291
5048 1135
5921 523
1774 1712
3239 1469
2073 4363
259 4975
641 2585
3182 3508
1870 2526
1813 4967
3725 454
186 530
932 2898
2681 2765
4403 3613
5070 682
219 2053
917 3473
4324 3302
1522 2536
3770 664
1842 501
231 5900
2289 2327
2935 1858
1277 914
2087 672
1947 1849
1647 974
5209 1088
850 613
3892 1746
5156 873
907 1329
1724 4548
1603 4669
2714 3894
925 5879
1962 2314
917 4294
3273 282
731 2794
7 5973
1623 4062
3294 640
5513 5843
5027 4123
5327 1467
170 5781
1995 3811
4398 2675
1540 2517
530 2141
364 4125
4977 745
4497 842
1709 3981
1816 2807
1846 5935
839 2651
3625 1599
3441 2606
5163 4103
2456 4797
2134 193
1661 4063
1412 3146
2828 1161
329 4422
5767 1838
1366 5428
5295 1675
858 4067
5690 4739
2604 3445
1889 5831
4647 3715
4361 536
3669 3825
5189 2655
5407 916
138 813
2467 3041
3955 5950
2552 4215
4726 1508
1086 3904
870 5233
1129 3812
2426 1797
2688 2239
1294 1321
2929 548
2553 1450
5591 2338
1039 1466
2142 3686
408 676
4678 4448
4081 4975
358 4394
3745 1509
4739 3495
5150 4692
1650 185
81 2004
1914 1830
5479 1578
2526 3819
1049 748
3849 1
351 1926
3514 703
833 3389
1795 1536
2126 2291
5468 4295
3312 2570
2637 3600
895 5963
2108 5081
4389 505
5508 737
4466 4562
5287 1407
1026 1718
5540 4486
763 2699
4188 2328
5291 5040
1746 5016
1378 4993
3858 645
3899 1770
3892 2164
2465 464
448 556
5840 3100
3795 3864
2809 201
5315 1192
5946 768
2400 778
3821 417
2156 4312
112 837
332 2913
3493 3378
527 1868
891 1311
4094 1209
2748 4345
1173 1131
1368 5941
1282 3124
3427 5926
3275 2911
5418 2657
804 5172
4364 751
5665 4407
4838 340
1993 5794
655 3246
1500 4084
1654 5279
1942 4538
1768 4495
1044 3485
359 4763
1414 508
1607 3906
4550 5531
3339 5266
73 2972
2063 4575
451 989
695 2532
1344 4307
1416 1901
4592 3574
1541 2115
1538 2492
1150 3305
1540 4458
180 5960
2442 5784
4399 3814
2621 2645
4979 2364
5862 4331
1424 3799
5580 899
4426 446
4874 2876
3929 3382
5876 5545
5585 3379
3163 4265
4580 3905
1006 123
5110 274
1092 32
1986 824
2152 1843
3132 5300
5236 5943
2086 768
2833 5137
918 3771
3246 1238
5640 467
2447 2901
800 1751
4200 56
3043 925
2970 1943
951 4338
5964 1645
4152 3312
4670 2575
268 3317
4971 5819
2985 866
1325 2397
1813 3312
4997 440
5599 4666
1658 707
1884 1031
4209 2145
3428 4966
1823 310
1182 1600
1532 3094
1977 1928
4888 288
4845 2774
642 3740
5121 4212
2886 2769
1198 1464
2838 74
1220 3764
5421 490
2748 1370
2160 125
5917 132
5910 544
1267 4163
3977 1860
2909 2822
381 3055
1766 382
1073 340
1862 127
676 3572
2377 2506
4586 3813
3985 4745
1903 4402
2824 2041
123 131
296 799
3366 4430
3582 5253
5821 5502
4460 4116
2678 3411
382 742
657 1258
3408 1740
1808 2287
5870 3373
1768 5104
668 5632
4296 5059
2919 4204
5114 3611
5180 1774
888 2375
1255 444
4992 4892
2974 4664
5867 52
799 2038
4730 4214
3559 5377
4258 2552
645 4282
4250 1939
2719 2883
2818 3542
3363 5371
22 1790
2016 907
1123 4788
2630 5201
4362 4678
5163 3594
2291 603
800 3878
499 5009
4180 2102
5185 4938
5655 409
69 1927
577 1528
3938 4786
2163 2174
3142 1970
1086 12
816 4699
1732 4572
3905 4821
1804 4004
3318 3151
1849 3149
1349 4450
3197 1253
1845 3242
4762 2210
3443 147
585 5496
2691 4192
543 5596
2180 770
5037 1178
4198 4070
1335 3492
5776 128
3735 492
109 408
1698 3701
5303 4658
2443 900
2216 3890
2583 332
1692 4063
5153 3291
1595 5623
2479 4511
5477 2579
1045 1693
4526 4093
5128 19
3229 2415
4933 396
2848 5086
2243 196
1026 5831
3511 317
64 1001
3719 3009
5544 5379
752 5848
3730 1567
1323 4909
19 639
4190 5116
5312 583
4784 3327
465 4043
1439 5786
1974 3754
2133 4419
3822 715
3127 4582
1717 3623
2144 5591
1133 2648
4990 377
4897 4976
1484 3135
2198 5197
2080 977
1395 1052
3957 4177
1555 987
587 1007
4184 3443
462 3274
4402 1366
2853 5207
3456 5269
2891 5783
4006 4965
2003 4820
4224 4963
2744 652
1046 582
1923 5842
1104 3476
1217 753
3516 3463
1619 4370
4733 4881
7 3552
1654 3614
311 2746
4888 74
5905 3177
2345 5203
1063 1858
5094 2335
1176 4046
5769 2433
63 4712
2254 456
650 3287
931 4536
302 2157
3134 2957
3064 5631
804 4605
727 4486
646 2638
5577 2484
2206 3080
1507 4443
380 828
2997 1019
1914 4166
4604 3627
2758 5054
4490 2202
4865 1813
5539 4454
2691 4718
3610 5773
2785 2331
2156 4146
2082 3722
5050 2002
5823 2863
4733 5959
4281 4339
5173 5629
3503 509
4019 3827
2015 3265
2487 5972
5485 678
4300 1782
2195 4445
5299 2595
5640 5790
1486 791
2643 2549
2382 1449
2833 1821
1278 2366
5254 1227
5122 3817
897 5039
3146 3591
3682 2006
75 3723
1600 4596
848 165
998 5808
5309 5369
351 1296
436 1613
498 1735
1148 3362
751 3612
4975 519
2010 4476
3474 4650
4631 339
3354 2401
5975 2359
2669 4472
2962 3110
119 5899
2710 3409
1726 2183
2238 3240
1864 3916
838 3592
5836 3397
3262 2131
4486 3851
286 5071
4079 4775
649 305
1148 3239
2597 1867
4597 5283
1658 2772
4041 5248
5960 3543
1392 3780
4334 3791
5617 1131
184 4129
2918 4634
1929 1354
1613 2226
3610 3387
2463 5495
2001 5378
1094 594
3045 1467
2939 1411
3488 2214
446 3211
1639 3435
2826 2489
7 2427
215 1268
3008 5977
3314 1432
2486 3802
682 548
1765 5960
140 1699
5909 4845
3826 4458
5838 4558
759 2930
5358 1845
3230 5061
5192 468
4532 4527
2336 5943
242 1533
1877 1769
5928 1113
1773 842
1623 4921
3095 3791
4605 4932
2541 1770
2342 2022
4521 2700
5265 3798
3577 5688
1121 5270
326 3722
2693 3227
273 4440
4811 5407
543 5528
1344 2275
1575 1314
5498 488
2665 2807
3034 5551
866 994
3244 4751
5661 2381
2417 3096
2636 2008
2447 4582
4999 3974
5479 3048
644 1800
1704 2801
5623 4206
1362 4943
3548 5210
1133 826
2099 5864
1051 1343
5099 1740
427 846
4851 3786
5391 2256
4125 3915
2833 1245
1731 1390
273 2029
446 3214
5234 4205
4453 5683
2534 5493
2755 5995
2487 4551
1277 1210
1032 4906
5026 5936
4619 3241
1939 1258
580 1830
5812 5531
5037 706
1300 4605
4907 5633
5322 2722
4082 537
3392 2304
2325 5420
5669 1213
1584 2247
1101 3558
3033 730
4140 662
3684 4376
3796 838
5286 4257
4874 4592
1884 2687
3967 4408
4430 1373
2318 5373
990 991
3361 1804
1413 2574
3401 1254
1280 2770
3038 3315
4326 1957
275 2471
2782 197
2622 5492
3566 2330
4359 608
3031 1642
1326 521
2336 2185
1890 2294
303 725
768 2847
463 5921
1704 752
5567 4175
4502 282
2167 1012
1743 1530
2673 5847
1802 3118
693 3194
3954 4101
1732 1532
3993 4359
2106 5357
2367 1621
2430 4404
1811 562
3356 5086
2970 1186
2965 4792
3006 5954
725 3278
2424 1784
2949 741
1584 3004
2385 646
5060 4743
2541 4284
536 3498
4900 4529
4717 3107
146 2195
4949 5468
2418 4509
2534 2580
4826 915
781 1523
454 2189
4372 5720
5266 1032
1399 1204
2812 73
644 908
1913 564
386 5979
5399 4460
83 2279
290 236
428 549
2891 4517
2068 735
2406 3881
3387 1573
3187 1831
5822 1906
416 2376
3544 4096
2125 5978
619 126
4831 4842
5695 2465
5657 5799
5786 1977
5304 2165
3521 4950
3070 4560
4957 1066
1953 2689
338 1921
1509 5878
4876 1454
5255 4396
3035 1591
923 752
2304 629
2649 487
1640 4084
4019 5547
713 818
1691 5895
987 1974
2163 436
5689 5230
1156 917
2471 2238
5986 1423
2279 1557
5936 4222
5143 2690
3024 5140
124 1031
782 3443
1189 3661
5742 5821
4697 1033
4323 1770
915 4157
289 4602
1391 3729
3925 3339
885 964
1332 2381
950 1646
4513 5252
468 392
691 238
5447 1726
246 4086
333 179
1297 1864
3745 1094
136 4406
4112 3428
5394 5098
2904 3613
5614 3469
2466 3628
1313 3783
913 2001
5571 3319
5099 321
940 5030
5512 4881
889 1832
5321 4782
4675 499
1738 3553
2130 4690
2715 641
29 4316
635 1706
1333 1553
822 2524
307 2548
674 983
63 527
148 1334
2931 4388
2200 1049
1391 3296
2192 1079
4478 3973
5660 275
441 712
5579 2351
5498 3303
4705 4446
2564 879
1658 5807
977 717
5535 1959
5004 2020
518 5677
5344 3999
2334 1484
5264 3367
5243 2837
361 4887
2974 2435
5269 62
4121 3267
4321 5460
4338 2515
4385 5937
3398 2858
3667 5915
4512 377
2545 5838
1370 3297
1771 2208
3843 5828
2388 3669
5793 5520
2124 4657
2249 1754
1646 5069
2781 567
234 4540
2933 5441
3942 3949
2257 1223
3169 419
1262 5462
4600 3828
4887 5063
92 5711
4062 729
5939 3794
1723 4753
1087 123
5924 3726
668 333
1486 818
653 2181
531 526
3210 3181
1476 2605
3027 4864
5312 53
2984 575
5046 4009
795 2324
5736 914
694 374
1633 1854
4714 5244
2920 2697
2567 1653
725 4284
979 5143
2579 3156
5765 4327
5318 1941
1697 232
4368 2462
809 4631
3311 1630
657 2983
2248 4423
3027 472
2682 4306
1989 798
956 787
3640 1103
2473 4926
5826 1772
2398 490
5246 5124
4304 4022
387 2165
771 4617
2786 820
1705 2814
132 5743
4391 2304
1380 4962
3519 1282
344 2215
233 963
2245 257
35 95
5491 5834
1483 4537
2431 4507
1514 872
3985 5117
2275 2991
461 4702
3276 5682
5661 5014
1597 1222
3791 1146
2887 5656
2123 48
4055 2433
4344 5124
202 1608
1791 1146
3971 5080
623 1222
4283 5443
5363 2201
1736 4599
2209 3036
561 2977
3365 322
3937 848
5134 3369
4715 923
3190 5201
5901 5253
5495 3520
2023 3439
684 181
4637 5679
4726 1675
3435 3616
609 4112
2490 3002
3238 391
1888 1907
578 5084
2428 2166
5111 3174
1490 5811
5857 929
2355 4791
3324 5228
2338 5262
4884 2064
898 1510
2781 3315
5124 2662
4724 4972
2671 1839
3125 5768
1376 3841
4622 2299
3653 1009
2260 1147
4261 5977
885 1914
4179 1424
5822 2
4546 908
5549 438
1114 4758
586 1558
1755 3085
2226 4947
4898 526
3508 3972
634 3842
5264 393
3909 1448
5483 2302
1563 2468
248 2114
306 2376
2276 4632
1999 5138
289 4669
4748 1686
5078 860
1995 5550
5316 5631
2889 5327
2092 5478
1830 5902
4719 5068
4900 5635
2214 5464
1421 4796
4372 2450
779 1413
4344 1111
610 1943
1463 175
4673 1103
4025 1340
3529 2112
5411 2197
4540 3515
949 2565
5387 2174
5189 4990
2665 1802
5020 4657
5955 4634
1663 658
5812 5617
1745 4935
4083 403
4343 1026
2400 4359
5260 2928
1840 4827
373 944
5621 1209
984 712
3985 2505
3321 868
1420 726
1301 641
772 5349
1747 2826
261 5843
1031 1872
2378 5135
953 111
4386 4888
213 3518
2198 2376
5588 1287
1305 769
1931 2440
97 1671
4979 841
4326 2958
1753 448
5737 1237
3158 1697
4855 260
3890 121
4477 1074
4997 509
5422 666
382 1743
2595 3902
1815 4529
4179 4940
2824 5933
5987 144
1707 1092
5647 4363
208 3077
5273 1987
3954 4368
3265 5883
5770 1692
2855 1924
3395 5350
5245 2979
3165 2507
4816 709
2566 2327
2232 3473
3365 5951
5406 1789
5337 2460
5518 1652
1794 1801
3293 1286
5870 2288
5805 2736
23 3791
2078 781
1051 1648
3463 893
2956 3145
5205 2262
3336 690
4563 5432
252 4453
3899 933
5077 4443
5788 2545
4007 5860
4269 2678
1858 3558
1888 2155
3297 1131
2202 2902
3317 5076
5091 2783
4050 803
1593 2024
535 4743
4442 426
2852 4137
2033 4065
4887 583
5408 842
408 4462
4928 2940
86 3869
3877 4789
1072 1160
2005 774
1225 4122
2553 5874
806 5823
4837 547
2090 273
3317 142
2292 5201
1401 2599
3175 1080
2739 4120
4155 4623
3486 5006
3170 4028
5537 597
1197 2829
5892 2278
3327 1162
2915 397
4418 4822
2816 383
2073 5878
5741 2812
5606 5350
1851 2418
1102 488
4317 34
473 2558
4256 2743
1710 3962
975 4851
4350 2596
5458 2988
3855 924
3878 4664
909 3616
1971 4245
540 48
3674 1980
1585 256
4254 4023
1202 4478
1781 1552
187 1220
4270 1708
1986 5488
773 1832
1741 1347
4852 1874
722 3559
2557 2764
4671 1829
4694 3004
3067 5157
483 2199
3693 3862
810 4384
1836 2609
947 5419
3719 4297
4351 1623
1494 4006
1083 667
3248 5779
485 5904
3358 500
1470 864
2624 748
1472 5229
4607 1166
1713 5636
1154 4082
3673 164
3205 2026
1504 458
1559 3285
348 2367
482 2804
3002 3028
3281 5324
1323 1900
4109 2603
241 444
824 4702
2281 1182
94 2690
1243 1004
2328 1562
1552 3419
4563 2529
4852 1269
3793 576
1596 5820
2879 4290
3802 3132
3846 2614
5822 5920
4069 1844
2975 1992
4159 3524
3354 2521
1985 395
3898 22
5639 455
5418 1902
80 3966
3959 5301
1343 1138
5528 5719
4291 4455
4322 2042
5785 552
1463 4180
2016 1783
5344 381
4813 243
4251 2598
113 3903
2374 26
2344 2417
2796 4292
1906 1144
5503 5777
1960 2370
5528 4263
2615 716
1115 3062
2305 2779
3518 3822
5941 1867
5195 1954
2107 934
3251 3228
1828 2120
310 3360
65 3840
3937 965
1875 921
4503 3697
227 1945
4307 580
356 5306
2140 4345
1141 4439
1514 2920
5819 665
2552 1903
655 4100
2427 851
3396 3371
1682 4449
2955 1851
1647 457
3338 2807
3685 446
4330 1039
65 5495
1840 2342
926 5818
1935 4644
3540 5241
4540 5098
545 2733
210 5284
1643 3603
599 339
3412 5028
4303 316
1758 5465
5023 5899
5649 2879
516 2028
4028 455
773 1835
4248 2257
4086 2778
4403 5946
1279 2739
4476 2723
285 767
2250 4084
4903 55
2289 2609
2227 601
2359 5916
1946 5181
3636 3468
169 4327
1209 2140
2378 4608
4451 5446
4898 2193
5472 5426
2588 5215
1057 4233
4294 2797
3392 4287
1450 2206
3284 2017
145 2043
2562 3899
4803 756
5526 5693
2433 2554
4883 159
1254 4140
1591 1250
971 3744
370 1465
2539 1573
873 5400
2951 5894
4774 3132
1674 529
2002 155
5375 3785
5270 4893
738 1082
142 5115
1588 3595
4880 2279
5827 2264
2059 844
2505 256
1746 3543
4884 1212
5147 2439
3334 5314
5284 2001
382 1721
3158 4935
999 637
5644 1610
879 1733
645 4605
2746 3075
1752 1196
1896 2700
1960 2413
533 5593
4808 69
1359 3885
2048 4878
2589 3512
673 2440
1134 3755
1174 3886
1232 5677
5867 2154
4802 174
3906 5580
3852 3354
2612 4534
2013 5520
501 4524
2917 4819
715 3610
5380 2000
3616 3254
2691 5521
182 2920
1474 34
2346 1543
4353 5491
5916 2326
3299 2221
3902 1998
1680 1528
828 1614
1642 1147
2299 5217
1122 4501
4724 2431
3116 5549
530 3718
1216 3269
5306 2074
2626 1541
3611 522
4244 5397
4023 3621
2378 809
17 1133
3839 4196
5559 5451
1303 5895
5377 3380
212 5481
810 5259
2413 2875
4111 2198
571 3260
566 997
262 3147
1313 5216
2848 5451
5443 1696
2496 3228
274 5569
1538 695
221 5686
3356 2426
4400 1982
5012 1029
278 678
2336 1748
622 2399
4766 1198
3809 3713
4806 4845
435 95
3245 447
4456 4365
4555 3884
5642 4432
47 1865
5256 422
5985 2061
5440 230
5784 2690
4383 504
5166 3982
3432 2871
5104 2754
4836 5638
362 211
2138 1410
5043 3447
5136 3910
2981 1842
5424 2932
3008 4514
125 5459
2750 936
5208 1412
4554 1048
5710 4714
4397 818
1317 712
490 1410
7 1421
1483 5477
1453 5022
3450 1485
1040 1539
2340 4982
3100 5285
4123 5722
855 757
1964 3074
3056 3665
1713 3583
3867 979
5975 3848
3228 3562
2962 1076
1473 4333
4239 3226
2053 3037
4042 327
4291 4618
1186 1840
4328 1321
5162 537
1420 2437
385 5621
514 4132
5716 5118
5949 3899
1058 3015
3221 2372
3089 5937
2107 2878
2847 5163
3786 3638
5691 478
4494 2213
4053 1767
5866 1114
5796 5510
5124 5082
758 4839
4979 1269
5389 5374
4844 4234
2024 5385
297 4638
5039 5681
4108 953
3044 1345
371 4321
5638 5481
3820 1548
1159 309
650 3583
5456 4698
4296 204
3508 2113
2494 4076
3619 3880
466 1673
464 5140
2560 3936
5812 3195
5165 4917
2708 1714
2472 4359
417 2082
2691 773
703 1824
5489 3425
1944 1357
1984 708
273 1179
2040 1634
4894 897
2516 1136
3650 4353
5057 1619
777 4408
3989 522
2009 566
323 3871
5701 4527
5787 3274
2565 3793
3367 2183
3427 1783
4099 729
679 4893
476 2334
3765 660
1421 5397
3605 4680
5941 350
5828 4449
5853 3217
5257 87
633 1985
3227 3801
350 1058
3377 5584
3907 3177
2601 4239
970 1027
2797 3230
528 1577
2386 2136
5699 1698
4803 3665
5540 873
4767 4716
2749 4145
4750 2043
3989 1446
4025 3624
5105 3830
683 148
4141 5504
2530 1727
3788 4363
5146 3287
1100 4378
4509 1332
4590 974
3395 3971
821 5709
4688 4577
1996 610
1535 860
2076 4469
1801 4756
574 221
315 327
4207 5874
1878 5517
1234 2584
3464 2049
506 5993
1180 4689
3127 2322
1053 4616
160 689
5521 3674
3635 2077
4036 5776
3065 1654
5250 3621
1069 2559
713 2847
5950 9
1837 850
4243 4306
5470 2081
2463 2526
2584 455
4598 4532
3594 3734
5806 189
25 5614
2265 2008
4965 3455
690 610
2971 2450
4390 2564
2605 4021
2325 5709
1504 3702
3544 769
1332 2306
2262 626
201 2542
850 3791
1584 4582
951 1434
95 5508
5511 958
714 915
2399 1488
3630 4676
3359 3189
1167 2049
458 549
2037 3552
2889 3678
130 5835
5204 5020
2343 670
3219 4744
808 304
1890 3887
2157 5205
4484 1476
2891 1987
745 2056
2722 4771
595 2009
1255 715
4581 4953
3893 5386
3821 896
4000 1059
5396 4677
3227 526
67 2969
1498 1627
3096 1860
4234 4057
5625 276
2784 5462
5688 5091
575 1639
2504 1832
4478 2458
2639 2353
5433 154
605 4448
1222 1795
4652 1411
59 2535
1080 201
4335 401
4912 209
2718 2615
2093 229
5969 4645
5363 5911
5117 456
4983 2859
1354 2839
3680 1030
1543 313
2832 4821
1292 3443
4660 1120
3185 1857
5898 640
1213 2360
3859 5103
2529 4009
2377 3904
4630 5800
2547 687
5108 669
4951 4985
5925 3003
4159 2271
713 1055
3583 4199
1691 59
981 2708
547 2692
5954 3111
4782 361
5096 3253
491 4261
4917 1563
2007 7
351 2592
3372 2927
3120 5034
3141 3211
3173 4980
565 3844
2497 2622
345 51
2887 389
155 1672
5239 2437
1832 4844
1656 684
1956 5204
5480 4864
5485 1465
5904 4884
1101 2614
1228 2759
1940 2386
1993 1534
1717 2111
3935 4899
4399 2642
4753 1693
2847 1700
3234 3298
2677 904
283 1963
4644 638
859 1159
1198 5495
366 2130
1551 4154
2497 4071
5704 2263
1764 5460
2224 2490
3584 1693
678 5249
364 227
2297 418
3211 375
539 3223
2056 970
5108 3099
1333 1494
5731 74
2608 5442
3578 4403
4247 2114
5803 3233
5805 5758
3133 2187
4622 900
5524 4873
1375 3376
5776 2200
697 971
3396 4367
1464 1665
1962 1395
5743 1847
3349 3224
4142 477
4871 25
5751 2657
3284 4809
2541 4276
630 5611
2014 1809
2963 863
5923 5067
1388 2927
4245 2854
4903 2025
3938 4249
959 301
5184 1586
1834 4393
5122 970
1948 4115
4073 4699
5179 3319
572 1407
4498 3138
986 171
4697 3230
4175 76
2837 1982
2198 3952
4700 5469
3247 537
1612 2562
3777 5309
652 4615
2337 1201
2163 42
2836 5096
3736 2515
1905 2086
2585 3415
4554 3898
3952 3565
2316 3420
1891 2719
1925 1890
5643 1395
4102 2121
4103 4730
3898 3010
2946 808
3526 3227
2466 4678
4384 5472
883 2501
1957 562
35 596
1989 3063
863 1347
1330 497
3918 3224
282 451
5500 3314
1856 674
2378 1789
5250 5609
2148 1014
1990 3951
1875 95
2854 5308
4532 5732
2479 3930
2664 4799
4356 4969
1549 1641
3912 2949
1582 1858
3452 3116
1559 2627
965 4875
747 994
3490 2488
5065 855
4284 4821
540 4172
4942 547
1811 5017
936 758
4048 5649
2975 5544
3348 4935
631 2496
219 949
4339 1060
4020 1855
4364 252
1892 4339
3601 1193
27 611
5758 3062
1607 455
832 2062
4296 588
663 4462
2132 5506
1725 3180
4043 5765
2694 1401
2157 329
5640 1315
4603 5868
3326 878
1788 2550
55 3427
3041 148
3476 2745
2427 5526
2963 2420
11 4261
4405 2539
5226 1465
438 5198
1402 90
2254 8
4861 566
4611 449
5172 3426
530 1367
4475 1860
2654 1359
3331 3985
375 950
3808 706
335 3581
3732 204
5545 5492
3403 128
2275 1077
3337 4224
3798 437
1393 5731
3227 4887
1112 3643
4065 3650
5897 469
2380 2083
4873 4225
1567 1606
766 819
4205 1201
3916 1704
2876 673
5872 2829
2188 762
4816 829
1527 2889
2114 5865
1257 5980
717 5517
3426 2196
1758 5617
5081 1322
3787 4093
35 1184
3309 3888
5621 2633
1465 5475
3830 4443
5439 2409
3080 2820
1719 1690
5209 107
4217 3280
2261 312
268 4866
2750 1559
434 1743
3326 2793
2178 2701
3404 1164
1349 4979
3118 620
36 5507
478 1241
210 4444
1952 1819
5607 2479
5091 4611
2796 1024
5285 3092
2030 1696
2812 2066
4061 4025
2707 1610
4900 4745
3473 178
2558 3122
1793 5138
966 3217
5069 819
1887 478
3291 2183
3558 4451
3293 5770
4709 3345
708 4759
410 2063
3797 2126
4375 3909
3375 1348
5722 1576
3915 2795
48 854
2229 2788
5574 2372
5722 5474
5776 326
3842 4337
1565 1520
5040 3495
411 2298
4856 2377
871 4681
5761 1921
248 5580
971 207
4397 4899
1346 4734
5155 4679
5571 3401
859 5862
1966 813
3244 5310
909 3328
5141 1948
5268 5474
2261 3141
1386 4243
1487 1380
4471 2485
5080 1957
4158 4852
1123 4771
1485 723
5887 605
5218 2201
1039 3693
4736 988
5258 5948
2051 2668
2708 1584
4785 2244
4845 2632
5441 1276
2617 1578
5264 1090
639 1930
4161 874
5318 5134
692 1571
4781 4911
4827 3340
1849 2995
841 3464
388 5033
3852 30
1140 3700
1037 4115
3418 1500
5494 4396
5068 1345
5955 1391
758 2193
5691 3561
2844 284
273 5093
5507 5078
5382 4203
3633 4478
3265 1016
497 92
690 1549
827 2384
2883 1482
1300 280
3968 4380
4562 5106
1929 516
5635 3875
5253 1594
3087 4407
1401 3954
1802 4091
1050 30
5790 1510
399 3428
585 4623
426 5217
307 2379
3817 4974
643 1174
616 2
2338 1636
5513 1977
2768 5608
839 4116
4805 1269
1895 1360
4699 2436
3631 3291
5866 4581
4972 2868
4180 5160
2719 1795
403 4782
5511 4377
2431 3420
5445 5897
3316 2833
1212 5527
5251 3528
5768 5663
3512 528
1744 1833
5133 1337
111 2620
924 5761
1423 2513
3946 4209
2247 3898
3315 3810
743 946
3712 995
2720 5926
400 1247
1098 2997
550 3275
4848 3236
703 4958
4047 2436
5335 5524
2031 1576
941 5012
833 4082
611 2240
3482 5374
1530 5260
5230 5553
2670 3843
1265 4883
5406 4247
954 2299
5424 5688
4681 2761
1554 4455
1610 2010
3139 2923
1194 647
1107 1412
2153 4608
5736 2766
385 231
3682 1127
1798 1311
5554 4180
2623 1719
5671 5857
1972 1121
2232 2649
1352 1097
5689 3269
5577 5778
4440 5271
4726 2786
2599 2394
512 1969
2479 4498
5940 174
5922 4682
5447 4947
2674 958
5667 4314
4209 5685
5682 4928
4936 5236
280 1721
3484 4767
2037 3668
1501 1968
3707 5568
3809 2509
142 5519
2833 422
458 5530
5314 3388
585 2198
711 3096
1524 2245
1253 5227
553 1567
2791 801
5599 3651
995 2204
950 761
652 2990
4546 3034
810 967
986 3762
5623 5488
2203 3860
4906 5526
1491 414
5178 1788
811 15
3483 5098
1700 2359
1421 1434
1237 990
4262 421
2915 4376
3820 4745
371 4150
1656 3022
3324 2672
5735 2153
2769 419
4963 3264
621 421
2881 960
2239 2289
5564 2267
2872 1471
2050 1958
1683 2306
5005 146
1477 5145
5765 1144
5637 2814
84 3355
381 3075
5195 377
1233 4319
2963 5890
5536 3891
5766 5276
473 1425
5374 1590
3232 383
5198 3932
4913 1096
3697 4459
2515 3780
543 1605
289 1850
1351 2230
21 4339
2089 2088
470 5440
67 1044
1508 1342
3839 5370
2737 1481
1707 1507
1346 5119
985 3189
1158 5783
1720 3095
1622 5538
883 4278
4062 4240
2856 1799
747 4374
5803 3485
4374 3519
3420 2253
1376 4000
3942 3681
5278 3904
4874 1882
4423 2248
1899 2761
2442 488
443 3375
262 2218
1271 2052
4949 3434
1518 3333
3704 1942
2856 1969
3097 755
5380 1399
1229 2241
5282 4312
2600 3839
4866 2626
1542 881
4957 2720
3351 2257
1219 2972
3002 1701
564 86
3965 2272
1171 1690
3444 4042
2599 1213
2584 2276
4756 4248
3954 679
827 2408
2232 2125
893 2308
1959 4979
2309 1569
3187 4764
5846 980
890 4873
5682 4742
2687 2824
5630 2380
3158 523
4450 2391
1035 4139
3573 1384
4920 4780
4984 2617
262 5762
1378 1849
2340 2276
2940 3622
2278 3681
5038 5775
544 1472
3914 4650
4179 4556
1158 1268
2214 1008
3424 4647
3209 5327
4302 5585
5830 3783
5155 2019
3498 3447
3193 822
2450 286
363 5621
4281 4070
561 2695
1057 3778
5378 1179
528 3859
773 2570
5853 737
5369 1863
3355 1752
3398 2906
4565 241
4643 3501
1306 5267
426 1622
3772 905
760 1351
2339 1461
4793 3890
1864 4613
1492 5665
5614 54
3170 389
3955 423
2965 3421
5976 1023
3767 4362
1645 4016
48 1920
2081 2542
2381 5296
4888 2267
4077 564
3086 4005
2397 5402
1802 4115
38 2484
4807 924
4725 5951
575 4392
2492 979
3673 2139
5528 3018
5765 5519
4803 2101
3701 4752
3578 475
3790 3822
2161 1747
4479 4319
5717 85
1890 500
4402 4444
4800 2877
4566 62
5178 3982
294 5391
229 3332
3249 2594
1494 5699
706 3138
1374 770
1753 4912
1111 330
4619 3662
5504 3482
313 5755
246 222
2031 3392
5012 4321
1806 955
3563 145
316 4249
5525 3458
714 394
39 358
4390 4863
4262 5467
1554 1783
2891 2629
965 267
633 430
2193 4742
5470 1355
3204 3913
5417 1521
2931 5678
1243 2072
5332 187
929 3838
4459 1609
2785 5071
1783 5078
386 1572
3917 1544
5345 2569
774 563
3362 2564
581 4333
195 3746
5035 5327
4247 4740
1486 1166
370 5035
1719 3036
4832 2719
4396 4553
1755 3958
3950 1389
957 3811
1923 842
5026 4845
918 2750
3745 1746
2685 2631
1069 2556
3003 4922
759 4098
1159 709
199 5618
1918 2131
3419 1278
4725 3888
4078 452
3249 2302
2508 770
634 5143
3429 3930
4941 5300
2097 2466
4161 2861
1539 256
652 258
4001 3716
2391 4249
4930 1718
5199 2313
5129 849
1326 4935
3362 2064
2409 895
5834 3801
1867 3797
1459 4375
1379 4652
2984 5676
1113 4135
2766 3862
358 1630
508 2337
68 2547
637 1774
5972 390
1427 5235
2527 1062
2318 3314
223 3449
749 1342
5583 45
3124 3740
3904 751
2766 487
4861 1917
5781 934
3329 2071
1377 1169
4760 3019
5565 770
4403 2210
2800 3625
1408 1828
3530 5571
314 1747
4861 1835
5724 5943
2607 433
1020 3045
4829 2939
5942 22
5025 1113
373 4117
3959 4349
5785 665
1837 1003
4566 52
5529 5677
1194 1611
2527 2746
4673 311
1267 2344
2220 4971
5500 175
831 3718
4810 4304
1338 923
3578 582
1899 5040
3863 4172
1681 3909
979 3312
3828 1701
4150 3206
4163 5905
709 2527
5358 1163
855 5163
1446 1424
5268 1693
4737 2154
2144 5711
2786 677
3927 70
2841 2848
24 1862
3895 454
5159 3385
1157 2750
3454 2956
5205 863
1651 1451
2488 1064
304 750
1457 4255
783 4563
507 313
3284 4751
4935 458
1968 4383
4808 2284
5331 1108
2627 2965
722 1918
3584 3684
5561 5368
1494 5453
2802 1061
3319 3510
551 952
2599 768
5092 906
1971 5050
945 1944
2415 98
2703 2107
401 2366
6000 5757
524 2922
651 920
1279 4802
5312 5041
5888 4067
4250 517
2403 733
787 1618
3823 1387
4348 2617
3330 4566
3629 739
2308 2247
4073 3906
890 3308
4502 1817
220 157
268 478
1705 4367
4571 2271
4457 1912
2258 1219
1892 468
3997 5219
369 888
4879 4441
849 3957
2864 1047
2445 2207
665 4218
2077 2367
1566 1760
5258 5157
4906 5225
5158 1378
2529 283
1723 85
4498 2648
2770 4725
2188 1923
5925 1934
3652 2896
4854 2127
3667 3868
2034 868
4932 1565
1360 3999
4479 3451
3934 764
5935 800
1534 3876
3099 2459
5421 4803
979 5131
4853 5174
393 2826
1859 3543
275 1816
2811 5180
2382 5738
5338 4236
4277 5011
509 4163
4018 1217
224 4936
2435 5995
330 3565
1985 5882
5271 3400
4189 2469
325 2064
4668 721
5523 617
5301 344
5479 4259
72 3818
5535 4975
1202 4162
3818 5093
750 4315
3625 4754
4894 306
1104 1189
1914 1325
673 796
2951 4076
1898 2843
4092 559
4253 2413
2850 4937
3986 3709
1130 1427
5016 1335
3619 1476
1953 4219
2268 1392
1007 4882
2903 2846
5017 996
638 958
3011 105
266 3146
2189 3694
4002 989
1530 2539
5521 3058
3987 5378
2667 3886
621 5451
385 1648
5177 5246
2419 4328
2763 2640
230 1270
3293 2433
2934 1412
117 1717
4542 2951
2340 1075
1525 818
3120 2490
2251 1019
5812 2618
2356 2370
3942 2274
1924 991
1818 1078
1612 1627
1733 467
3284 3010
757 1990
5834 5480
4271 4681
3290 2538
5096 4640
814 4550
936 5652
2151 445
3548 1981
2125 2519
3483 4949
5139 824
5804 5194
1743 5026
3206 388
5881 4347
3831 3353
4161 880
3273 701
966 1803
2802 3086
4276 4849
4411 223
4510 4734
1651 594
1693 901
5733 5436
1271 547
3127 3204
5731 2420
3220 3084
1708 104
3005 4483
2532 2263
4299 2761
4667 114
1400 4309
112 2844
5887 292
2951 601
177 483
2268 5781
5162 3583
1735 4104
2147 826
5057 5865
1961 2817
4166 2113
2365 1307
4282 2738
2046 4037
129 5991
132 4476
1546 5822
3694 603
2043 67
1246 246
2387 4814
3155 1589
2588 1520
4520 5909
1920 3114
2363 1739
222 1823
2065 2027
4076 4811
3656 56
2959 2963
2605 493
2057 3231
2142 4715
2994 4470
5811 148
2538 120
3849 775
2062 3058
4270 1645
1849 5614
1348 1588
5789 4457
3392 4041
4066 4681
4722 3932
478 334
5258 5230
4917 4983
3689 3310
883 4921
4422 3028
536 3212
5826 4350
4260 4135
254 122
5859 4205
5979 5522
3418 1783
1394 5022
4195 4708
4053 3431
1109 5022
3829 1832
2424 383
1078 954
4503 2612
1696 4624
1222 833
5352 5872
3926 2869
5390 771
3991 960
1607 1518
2302 4418
3790 146
2664 3717
439 3905
685 4957
1189 4179
3591 1967
5965 4104
2213 48
3385 14
1692 4351
977 1253
1213 3766
3735 4689
2077 1805
1730 208
1809 3984
62 557
1464 3923
2354 596
909 4146
5042 2887
2301 1661
3222 4032
2086 4740
2538 1176
3297 367
1863 3063
1681 1106
3106 4477
4204 5439
4595 5808
1178 2188
2057 135
3611 4006
3485 2631
5198 5142
4388 4075
3152 323
4936 5898
65 3816
265 4660
5181 2872
4224 2684
4297 175
3221 1772
253 2411
2898 3654
5057 2507
5223 1799
4379 39
735 1185
5304 5808
4595 3065
5768 4504
1949 4749
735 4181
1584 2218
4281 4786
5190 4926
5134 3415
3098 2649
2359 3739
4551 1737
5968 3271
3840 4134
62 5324
2994 395
1154 5784
631 983
2030 2917
4476 1219
2088 2514
2038 1572
1789 1494
2336 5411
1976 3970
120 1451
5683 2598
5914 1634
4140 4583
3485 5532
2748 560
4829 1677
1317 2326
4760 158
1914 1968
1022 594
4291 5111
4770 1480
3152 539
1990 1651
2174 1366
2966 2025
408 3397
563 1273
3376 1859
4868 2353
1550 2600
4024 1871
1768 4163
3615 3654
2579 1764
5001 4979
1848 2509
5758 1440
5611 3625
4928 5048
5560 141
3454 3420
1279 2398
59 3238
3186 1060
4766 3693
5068 3534
1579 168
3892 2406
3890 2806
1281 5798
5814 3133
209 859
2113 4914
4197 2920
3606 2585
3071 2910
1927 1724
3759 1099
1640 3697
2954 225
1555 4151
1229 1609
4942 882
2944 1943
5114 4920
5998 2032
4845 938
4227 5321
5939 4103
4663 2753
5232 1133
283 2066
3097 5761
1105 4388
2995 3473
1473 1939
2140 1833
681 1234
313 1907
2357 671
1952 5570
4496 5817
1623 624
3865 4367
12 246
857 1147
5462 3917
1715 80
1276 4787
5597 1616
4101 2976
175 4560
4863 4809
2634 3743
4804 5796
2667 101
826 1533
335 2201
1194 777
25 5318
2404 5017
578 5519
3632 4049
224 3968
2072 2633
74 3063
3540 1732
3131 4530
5062 3888
1781 3706
5511 2221
3353 3057
66 5089
1332 2697
3056 1867
5483 5733
2787 3126
186 1748
4599 225
2377 4058
229 1565
5329 1169
2186 4390
4590 2369
2439 4917
2149 2315
4747 1205
535 2604
62 1557
4326 1440
1151 3486
2424 4021
4897 4022
3066 2642
5361 1796
5847 3991
4555 885
713 534
4589 5485
1903 3603
1068 3410
3248 3689
5270 358
2206 4653
504 1923
1182 3798
1873 4348
2904 365
2070 353
4394 5937
5207 2467
4482 414
5154 4329
2139 1759
519 5139
135 2610
1548 3453
2846 1948
1057 4246
534 1660
2215 4977
2788 3764
5132 5515
5922 1797
1242 5807
1297 3530
4802 1527
1233 2360
5266 3443
239 3300
4191 5358
4685 2005
2847 1567
5272 4300
4533 5950
5094 2162
2082 4712
3055 561
2986 4405
1119 5125
5414 4807
5768 5012
1096 2454
764 331
964 202
1435 2843
5804 1272
1898 2021
2300 544
4342 5186
872 5974
4567 4470
4595 1392
2920 5573
5474 5856
2470 2934
1184 979
1751 1671
3955 8
1612 449
2382 2389
4410 4702
2008 5127
1990 4201
3005 680
3199 1973
164 1174
1809 2208
4305 2017
4342 3576
4620 2757
1200 3423
1217 3753
517 188
2457 2375
5417 1842
3258 1453
2402 3188
4666 4755
5816 329
3193 703
940 957
480 5061
1851 2776
132 2787
4306 5347
2128 1419
4100 1800
4546 2994
58 937
3668 4857
3530 1253
4926 650
4908 5238
2090 1878
1177 1037
2696 5148
2756 5826
339 1196
4061 1959
2292 2477
4052 1053
5686 4508
4907 3354
266 838
4927 3993
3099 2344
5176 3665
5252 4436
4447 2251
576 102
208 270
642 1752
3792 4269
1015 1796
752 1012
1369 4760
5379 5023
5430 5502
460 3148
304 156
2700 3585
2710 3610
4219 145
2 2306
1028 1019
868 5389
4758 2515
3760 2523
2519 5830
4691 195
2108 5272
4780 3884
2343 4048
3944 4842
1313 3094
2958 4094
5976 5643
1677 1783
2698 1066
5010 3422
754 4798
1390 5281
1778 2037
5608 2205
1666 1283
1535 849
5256 2922
4003 4529
5257 3080
564 248
3119 881
5819 2226
2076 4254
1928 3881
2525 3350
4939 4286
2450 1773
2855 747
1629 2715
4115 2278
4985 5566
163 4568
1661 5618
4119 5646
1457 767
4770 2864
4176 4740
4846 2401
5183 2435
3535 1271
5021 1996
1749 299
2732 4287
1349 4338
2078 4669
2505 2189
2483 542
407 5278
2499 1400
5808 3693
5606 4686
1099 2186
4956 2983
4065 739
1434 2433
90 5208
2146 3013
4072 4669
2471 3613
4481 496
303 2867
2835 1659
2729 3772
2083 2028
1280 4085
5815 2324
1553 4572
2693 2061
2570 3234
331 560
4756 1584
4097 2533
3267 1256
2299 1803
331 5485
5540 475
2581 2822
2295 3913
1010 206
2687 1754
2463 5264
2482 5468
10 1857
986 5458
2771 126
868 5919
2870 1992
812 3206
5161 2125
5961 3151
2001 1033
3796 4956
2138 2589
3375 1372
4711 4030
5700 5440
4374 609
2219 2557
1639 4134
320 2001
4719 4370
2964 2681
5752 3618
403 611
4475 797
5879 591
5425 5081
2203 1739
4070 4304
1393 1503
1935 52
3512 3030
4750 1873
569 2223
4435 3458
1793 5362
981 3527
2739 2375
401 5189
3327 3411
34 2526
478 1044
338 5379
463 2672
3648 3112
2039 969
3043 2311
2804 5283
3502 1815
4835 1369
5108 4045
947 637
1997 2627
4378 4799
1610 3753
5414 463
5302 4650
1782 3398
4733 1377
5194 5794
2017 1003
4296 2705
491 4239
5169 4081
879 507
2227 404
3699 1040
240 2041
5617 1089
3967 4025
1658 3895
2017 1440
382 745
2647 1277
1162 5146
1763 5499
5729 4516
5516 1616
686 4964
3413 2422
4840 1637
3248 3704
4967 4514
1183 2608
5862 566
123 4559
2154 2054
1401 5436
1250 2
762 3344
896 3527
5985 4993
2743 3496
5114 4878
1364 543
2794 5658
2450 5598
4770 1149
5001 235
3895 24
5863 332
1831 4711
3889 366
2116 2827
4363 1389
1877 4697
999 2447
4126 2909
4891 4801
876 5635
4982 1959
2086 2567
948 1165
2961 4587
1376 1364
4786 329
4921 1898
5369 3994
1288 3432
4092 2951
3745 2418
4113 3470
5096 602
433 2999
2182 902
1881 534
5324 5124
1443 3204
4215 123
1125 4906
1925 2291
3943 2221
4983 1624
5386 5424
2727 1243
4008 5958
1595 4682
4423 2232
299 3777
5602 3062
2496 816
809 2193
3661 2878
536 584
771 5871
5094 3425
2575 803
4670 4443
1399 415
4131 3985
5605 1487
1760 2354
5522 2316
1821 126
4743 1754
777 1860
3888 566
3940 5498
2290 5758
2716 3004
2543 3281
3836 1273
4439 377
4719 4394
4161 3718
379 469
1883 13
3691 2065
4542 2768
2925 1194
1589 2480
3086 4199
1055 3024
4387 74
1299 460
4857 4952
3332 4841
3615 4010
5957 1423
1826 1363
1902 5829
5577 563
2544 1132
4595 2603
6 3262
1182 2818
1788 2056
105 4776
3332 3606
3324 281
5031 3374
2438 500
4649 816
5831 5468
592 1740
176 222
662 3284
4167 3300
2525 548
2015 1066
514 1871
408 4048
2549 2284
626 175
1464 5041
3528 5983
854 1054
4763 1303
2343 781
2412 2983
1297 3896
4399 4963
5888 2700
5724 3376
2393 2429
3175 4741
3467 1675
946 4202
2104 4659
1426 4563
835 5832
143 3011
697 3747
1744 2443
3669 3625
1655 3858
351 5548
1112 3465
1669 5541
192 1759
5133 1872
3747 5731
4745 3368
1510 3336
2476 2069
3423 3998
236 5331
74 4702
3208 3861
349 1350
60 778
1454 902
755 815
4148 3962
4732 3509
1275 2921
4592 596
2155 1261
563 3888
2411 2244
1177 1867
1058 1654
4331 4667
4895 3896
1594 2269
2922 1041
355 2986
5003 2427
532 4281
1017 5036
1214 4390
5813 70
5339 2322
504 5675
1314 1018
25 4757
2280 5564
1220 292
1962 279
712 169
2552 3234
5328 3188
4964 4305
1860 5945
3803 1155
448 3928
659 2047
710 2381
966 2160
4112 5205
2029 3551
4792 4370
2113 2368
2011 4096
2142 5151
5227 5833
1338 1485
1109 5814
3540 565
1651 3240
1872 3108
1922 3462
482 1353
1238 1303
3624 3688
3516 3666
5917 2661
1057 388
4027 2880
5217 5298
5458 3580
1746 3936
230 3908
5026 65
845 448
366 1599
4602 740
5830 2350
3507 5258
733 4252
2954 2338
4469 3531
1290 998
5690 2547
399 4931
3373 322
2203 5173
2404 1797
2999 5554
1824 203
1511 5641
5295 3047
1649 44
547 4887
5967 28
595 4148
4387 1077
1169 857
5403 2058
1164 5158
5861 513
4694 407
548 2850
633 1937
1971 700
3925 2077
3113 3913
4093 1577
4926 243
1667 4794
3502 3239
3361 182
5612 1193
3034 2818
5384 1880
4783 1431
2372 3011
5382 3914
4835 3308
5769 1148
2963 5020
5739 5727
3100 2343
4480 683
601 721
1229 4607
855 1473
2093 1980
2108 2742
1462 3246
234 584
5452 5148
612 1040
5316 5091
1280 5321
5675 2958
350 4344
5352 2473
4328 3787
1008 4133
5402 1023
3721 2750
1251 164
5761 1436
2380 3636
767 2023
5433 530
2905 4526
286 4144
1128 538
5508 3444
4585 5630
4765 4507
374 5826
3060 3182
1365 2129
1543 3156
4383 2767
2713 3288
5091 2719
1188 556
5243 3219
1260 4463
4480 3285
4426 4491
1898 3974
5783 5074
5562 4934
3863 3194
1788 2115
1432 2774
999 2677
1803 3288
2135 4553
2210 1363
3949 2429
315 3270
1172 1724
5708 5366
2039 2185
15 2250
5618 1009
1776 1389
4503 604
1557 3327
4866 789
3757 3357
5262 2986
2444 3747
5113 3894
1654 991
5029 205
5337 2776
5281 312
3409 3071
3352 418
4598 4212
568 833
1800 2876
