6000
25
-51
-19
113
53
-1
-82
73
115
-94
88
-65
125
38
-109
21
33
2
30
-81
25
72
-66
-23
80
-16
-17
-73
106
-95
-67
115
18
-30
-54
-76
108
-43
40
-114
61
-1
120
-102
78
-71
-118
-67
53
25
15
-48
-94
-15
7
-9
-33
104
-49
92
93
82
-84
34
88
38
-116
-32
-35
-36
99
64
-120
30
-72
64
-106
-30
66
3
33
-3
-107
65
87
-36
64
-58
-94
121
-86
-3
-48
-43
-46
-82
116
-3
-75
108
-51
105
-56
-44
66
-19
37
-3
-51
60
-6
72
45
-114
-35
24
-13
16
-74
22
94
-37
-90
-43
89
123
-89
-120
-24
29
-45
-74
79
-103
9
-43
-67
-50
-112
-12
-78
-109
-68
-2
122
-48
93
-18
-29
7
108
102
-36
-16
103
10
46
-39
95
-88
-112
-6
33
120
40
-32
-113
-85
125
-41
112
-66
-26
15
91
-43
36
40
-17
-47
-89
97
62
92
55
39
-90
28
39
104
-26
98
-75
-26
39
17
-113
99
3
81
-71
-105
-82
-15
-14
-111
-24
54
-94
111
-11
59
-43
-59
44
85
-27
20
14
-66
-51
-51
124
-51
118
-106
-112
37
7
-21
-30
-2
78
72
-44
9
-21
17
-47
-66
67
-87
61
35
-71
-10
-87
103
67
48
-37
73
-83
79
7
110
99
-121
117
-20
-74
-67
-21
-84
-105
26
-96
-124
-17
122
-114
37
-51
-78
70
-26
-47
77
-58
-19
-80
80
-70
61
-90
44
80
88
100
118
-94
122
-44
-84
-89
-14
-77
-1
90
-48
-31
-5
-94
117
-28
89
122
-29
-91
54
97
77
52
-112
-16
15
17
81
98
-115
92
46
-102
-15
51
65
65
41
-38
69
-64
78
-58
39
-103
109
-6
42
82
-22
100
-70
30
59
110
-28
-47
-116
-120
28
-17
-44
117
8
43
-48
-122
125
88
-22
-110
16
-100
-49
-66
85
95
100
19
-118
-89
58
103
74
113
30
87
-109
124
7
63
-88
-101
48
-43
94
-114
18
70
-2
45
-38
-93
72
-102
-90
124
-64
37
-3
-9
31
16
-114
-57
-78
-122
19
-58
-65
92
55
-120
0
-102
-25
-9
96
99
37
107
107
80
2
-22
55
-95
-125
-7
79
92
-4
66
16
-11
-2
14
21
-60
-15
-19
-46
48
-26
-41
-30
-115
-46
-74
-15
-120
0
90
-108
-114
121
0
124
107
-97
-56
-122
-73
0
-90
45
-45
63
-125
72
-36
-96
-27
27
-55
-69
89
-121
70
-91
-21
92
-82
-19
40
69
-125
-92
-112
1
-31
24
-116
-26
-72
38
-122
-86
-63
87
6
45
-33
95
61
-94
-119
70
-45
-56
99
-109
-85
65
-92
-82
-105
-20
10
-115
-121
-115
84
-98
26
22
8
97
63
-105
-60
-39
-58
-65
108
28
77
99
-64
-86
25
-99
61
-69
15
24
-84
19
-125
-98
-56
114
-79
38
23
-98
114
88
43
-48
43
-62
92
-87
86
3
34
106
112
35
65
105
-69
-18
124
-62
20
-92
18
80
-21
84
21
84
-48
85
-106
48
-78
94
-12
-52
82
-36
-85
-57
34
-108
-77
-92
-54
97
3
113
117
99
5
-84
18
-9
-64
5
-124
65
-88
-34
119
-61
-98
-76
8
31
-35
83
-40
-124
58
-114
-111
-93
-84
59
123
-108
86
-42
-113
23
115
-117
-73
-115
-11
-53
-123
-92
91
-27
81
-120
-77
-88
120
112
-80
-80
30
-26
35
78
-53
4
96
-4
95
122
-71
-50
-116
70
77
38
-102
20
-109
60
-12
84
-27
-3
-87
-113
-72
94
-14
-19
-118
68
105
88
10
97
11
-111
-44
89
104
42
-115
80
-22
-62
-68
-81
-40
-65
118
79
-31
29
49
107
63
-111
-102
48
57
-84
-73
-77
12
57
-119
0
-64
-103
100
86
77
119
66
-101
-106
122
48
60
75
-40
-124
14
-1
-110
-111
53
100
18
-63
-38
124
76
-37
-23
-122
112
55
-49
-25
75
-72
100
43
38
89
98
65
82
95
-29
-56
-74
-91
-39
-98
-76
92
-9
34
-6
-70
26
84
-111
61
74
-45
47
83
3
-66
-92
-105
-124
17
52
-55
111
-110
-36
-44
42
-19
-48
-57
-99
81
-99
-32
-85
-26
14
-27
-103
-47
-32
7
63
-20
83
3
-73
14
70
36
-25
-24
27
-2
98
-84
-65
-40
118
88
-91
75
14
57
-107
48
-47
16
-50
-29
125
29
-106
-83
33
-123
52
-2
111
82
1
73
0
-3
5
-106
79
-36
43
-40
86
125
95
48
27
21
74
-2
70
104
-101
37
-50
-88
-68
-67
-83
-52
15
98
47
-100
-87
55
120
118
116
-124
73
30
-34
-89
10
56
30
-22
-24
82
-84
90
1
-104
27
-70
-85
-12
-48
50
-84
68
-68
4
-22
-75
-101
-50
44
2
-60
-54
94
-1
-69
98
-113
78
52
104
-77
15
23
-104
-91
12
107
-104
125
33
8
-72
44
120
17
14
-103
118
74
77
-85
2
-74
-110
107
-75
46
-57
116
-33
88
-56
16
106
42
71
50
83
-47
-13
65
17
13
56
-3
-95
-69
72
18
-31
-44
32
-85
-23
-57
-47
-13
-80
-64
0
-63
122
-102
-20
34
78
-20
66
57
40
-117
52
85
-85
58
-115
12
10
41
106
27
-85
89
-124
-95
-20
64
-87
-57
-37
0
-39
-29
-12
-48
-24
122
-86
-112
27
-119
-62
-111
24
-107
125
122
12
-109
-45
-114
79
-116
-104
6
113
-74
-66
88
-78
-65
114
-95
-16
44
53
50
-71
5
-98
87
63
-96
-65
-62
47
86
68
36
18
96
-23
34
-64
24
-90
40
45
-52
88
-99
-112
30
-63
90
-86
-92
102
62
9
75
113
-109
-52
48
-104
63
21
67
90
92
15
-102
73
65
-116
103
-40
-97
57
-17
65
-43
93
46
30
122
-71
-27
16
-33
-43
-84
30
25
36
51
40
20
108
41
-48
51
80
-21
-74
60
-1
-90
-8
104
-30
110
-74
-68
-62
-116
-68
4
-19
76
83
36
-65
1
12
6
120
57
-68
20
87
45
-77
-31
-20
109
71
28
116
101
95
120
49
-76
108
42
-27
-29
53
96
14
8
-28
-73
90
-87
-120
98
-69
26
-124
86
26
92
-37
34
35
75
-84
90
79
-89
28
111
-5
113
-108
-109
118
-47
-7
27
-2
79
-84
-49
-61
71
78
-56
8
99
116
-35
-50
80
-73
-47
-108
-43
-56
-69
106
-8
54
121
90
-121
-108
11
-86
-46
-2
84
7
-87
-76
30
34
52
-9
99
124
67
13
110
29
-98
64
95
27
-73
-125
52
58
-63
18
99
29
-116
-48
-117
50
-20
-20
74
5
-71
-97
39
-88
21
123
-90
-79
-70
35
-56
-31
-95
-49
-47
-59
36
-108
88
7
-19
21
-122
-25
76
-94
-33
-52
-101
-115
-39
-53
112
-52
-60
-21
3
-79
-56
58
90
109
72
-65
91
37
50
-122
64
-112
-60
-28
-35
82
-75
-109
-78
-87
58
41
51
50
67
90
97
-111
125
-98
-117
114
91
78
-9
11
73
-14
-88
74
58
-27
31
-116
14
-96
67
-1
-2
70
6
118
-9
-96
24
5
8
-8
91
47
95
-119
71
-41
92
-5
-82
118
88
-57
-43
-43
-103
98
52
-28
22
65
-124
105
102
-8
-96
-9
105
101
-95
-75
-80
-95
-21
-73
-59
-62
35
110
103
12
39
-94
-15
-116
60
-110
35
41
33
-17
-91
-52
-70
36
-75
-56
-104
-124
-64
-50
5
15
74
-69
-64
47
-68
17
-97
-88
44
19
-29
-74
86
124
6
-31
68
-80
-81
98
-71
-103
38
70
124
39
-59
82
-51
34
-119
-102
31
63
-68
-2
64
69
-108
-33
108
-37
14
-122
48
119
-11
95
113
17
90
71
-71
-51
-44
20
39
-36
14
13
-28
-86
64
-19
-36
-104
0
88
-110
-108
-34
-68
8
4
-17
-125
-20
-50
-74
-77
58
78
99
31
-47
-36
-32
2
-109
-60
72
39
-104
77
108
-54
-23
80
-32
-7
-26
-66
-54
109
-26
-32
36
41
56
72
-67
-80
-78
-72
43
-42
-115
-53
78
-113
36
-76
-52
14
89
-34
-125
-103
30
-49
92
-5
22
10
-119
-35
10
-105
-16
101
64
80
-77
-60
-91
-80
-24
-118
64
51
-103
-7
-15
-97
45
-105
-20
-78
-106
-29
17
-72
56
58
-2
-30
-22
-111
-113
-121
69
-36
-36
-54
33
34
-60
-104
-34
117
-91
24
-97
-110
21
77
-57
99
-21
-68
-89
-31
-62
91
-25
22
-100
-125
116
24
11
-46
73
56
-26
13
98
7
121
90
11
-84
-62
-100
94
70
82
-49
39
-109
-81
-57
-104
87
91
13
-19
-58
118
-69
-26
94
-60
-18
96
124
-43
-121
111
83
-63
87
63
-117
-26
-54
27
77
-36
106
110
3
-3
-41
71
77
-99
-96
-66
-5
78
-10
-71
-59
10
-124
-109
15
30
-95
-97
18
-104
25
91
-31
-65
-62
-102
-38
12
-74
-89
36
-26
82
38
85
-43
-56
75
-94
-91
27
-7
103
-68
-121
57
64
-14
72
-57
97
-112
122
18
114
74
47
-77
-53
-28
125
81
-80
-51
34
101
36
-25
112
97
54
-9
111
38
-18
-33
-76
65
68
-18
120
-83
-89
-41
7
35
-57
-18
43
-6
58
-49
-35
93
-68
112
74
85
-86
-56
-10
-14
114
-8
-14
22
-49
118
-5
97
37
-13
47
-123
85
39
-85
-76
-16
-70
-21
-91
76
-11
-71
-57
88
-38
54
-99
-19
10
51
-92
-114
-57
-124
-74
-23
45
42
122
-36
-77
-51
7
-5
-12
109
-17
62
-87
3
-55
89
119
-89
-59
1
93
113
-15
31
-51
122
72
22
54
19
93
-6
-93
-69
-96
-52
-88
-18
-59
76
-111
-48
-35
-125
-99
-63
122
-36
-106
-91
79
-27
70
-17
81
114
61
81
111
21
-105
-94
86
55
-71
106
23
-67
79
8
86
69
119
113
-109
89
-70
61
-65
-34
28
-75
-115
-43
-115
-67
-18
-3
24
-118
92
-41
-35
-121
81
-95
-81
86
101
51
-54
37
-44
81
-64
-78
-16
102
98
76
-9
-90
-1
-26
-38
65
10
-35
66
68
-48
-100
11
-104
-13
89
2
-65
7
-54
-63
-29
-96
-50
-93
52
-107
68
124
-2
117
29
30
9
-78
-38
-77
-53
0
-22
47
-8
65
-29
16
-6
26
-109
19
-74
-47
88
-125
26
43
-111
-49
-98
-97
36
-110
17
12
-23
16
-85
-70
11
89
-58
116
104
51
19
-123
7
100
15
93
-95
-110
106
-125
77
-38
-79
39
-110
-89
20
60
-108
24
-57
-101
125
-89
17
-48
-92
95
100
41
121
-77
-123
13
-48
-119
68
-120
33
-106
93
100
83
124
-37
-2
88
-116
26
-50
-18
-61
-64
-18
44
14
-85
-114
-70
70
-45
-37
-70
-13
-10
50
-36
74
90
-35
-92
-102
-75
60
-59
-123
-82
-88
123
78
119
-66
25
-19
120
26
46
32
84
-50
-118
9
34
-118
-84
59
-79
14
-112
17
26
80
-99
14
-104
-66
-74
-104
43
-73
-79
34
-108
28
-5
39
103
-113
-27
-16
50
-6
122
37
73
-114
22
70
-93
-114
15
34
124
-47
-84
-33
-118
109
-84
32
54
-88
7
-43
-53
-122
-6
-72
-43
10
-99
50
-15
-23
-5
-18
-120
-122
-125
84
-14
7
-42
-39
31
-7
115
-21
12
-63
41
-48
18
-35
-88
-3
100
42
-123
33
79
-73
-84
-5
117
-73
-122
-60
30
-14
-89
114
-71
125
113
66
-57
84
118
-118
-53
71
-55
-20
102
108
-48
54
-100
-43
-11
28
15
123
-25
-57
64
-21
114
-13
33
40
-85
-55
-24
4
-3
44
68
60
107
96
-95
-95
28
-19
-68
-23
-99
26
90
83
-23
106
110
7
70
19
117
-49
-45
-63
22
70
-49
88
122
45
-112
-117
-62
-44
108
-53
-4
-119
-72
47
-123
-114
-43
32
54
-105
41
75
-29
-121
37
-18
95
-119
125
88
96
84
47
23
3
-58
-90
-85
-63
-102
19
-36
-113
71
-76
-124
-100
124
24
-33
97
-81
96
-13
7
-61
-27
38
-14
-125
-104
115
61
14
-102
-107
92
-115
-119
-41
47
99
-90
59
113
67
-78
-102
42
-71
41
34
53
-104
110
96
-115
-113
123
-107
-78
-99
-16
9
101
21
76
-98
-27
-30
-80
42
-15
-53
-76
4
-75
-19
-30
56
78
-119
-43
-39
-76
-110
105
86
-123
-10
-39
-112
-23
80
67
-34
88
-35
-8
-112
-71
64
112
7
47
-28
123
-67
-53
85
-59
-117
-89
124
92
86
-3
72
66
47
75
-37
-25
86
96
54
-10
64
15
-68
-14
76
-4
-86
69
-38
-124
-36
-61
91
-32
4
-75
49
105
23
111
105
-54
-96
32
-118
-79
112
-90
24
25
123
38
-32
92
74
-122
-1
18
-71
6
-27
-10
104
-69
82
58
-63
65
-80
123
38
-123
79
-107
99
8
-71
-40
77
-119
12
-67
-31
73
0
123
103
111
-8
-21
-104
-59
-107
93
-1
25
120
-19
77
-82
22
-112
52
-62
-74
-36
-89
-113
-76
109
69
-96
-55
-120
20
36
-113
15
123
-117
-54
35
13
84
-15
-97
-20
-93
-57
-16
109
34
-32
40
-77
11
65
93
-23
55
63
108
-94
111
105
98
23
31
85
24
-1
-68
30
-105
-5
81
98
-63
59
-91
103
3
-98
-15
119
-72
102
-65
-3
-35
-44
-52
-59
25
-51
-17
-31
-20
82
-119
64
120
101
65
-120
-111
-60
21
-36
-25
105
100
56
-106
-38
65
-54
26
-15
-77
-114
103
-114
-56
-26
78
-78
61
-72
70
-41
-42
89
5
-4
8
25
-99
-33
-66
44
119
-56
53
-41
-90
57
-22
31
-117
-75
57
-18
-110
103
86
-21
29
110
93
95
76
50
-61
-123
99
67
112
48
121
104
63
39
96
-37
105
108
-33
94
34
-47
-78
-27
-47
7
23
73
-95
-19
22
-87
113
-83
-12
42
103
54
-83
59
97
-31
-5
-108
-69
-120
74
-88
-40
-97
-10
20
70
14
4
-93
74
-46
86
-104
103
19
46
-90
-114
116
-35
121
5
-83
-60
-104
57
-15
-113
-123
-89
17
92
83
85
110
122
30
-1
17
0
-43
30
18
111
-33
-73
-26
52
16
-59
22
83
14
57
88
-92
88
118
62
-57
30
-93
-37
-100
15
66
-10
-15
89
90
9
85
-86
-60
53
-6
-76
97
108
-45
96
60
-58
-75
-78
-31
88
-26
123
-110
27
116
43
61
26
103
-75
-115
-84
10
-45
-3
-12
78
-65
18
-4
-34
67
-122
23
-68
-121
-100
-98
-121
-112
121
121
79
49
-31
69
111
68
-96
-59
12
8
11
97
-70
-118
96
-116
-124
104
-99
12
-13
71
120
88
72
-113
16
-20
115
-98
-11
-47
75
122
-18
-14
-60
88
-63
-12
67
19
56
12
-36
-105
-52
33
-48
-22
74
-79
98
-87
107
14
112
115
-59
35
83
23
-28
11
-36
-46
-71
-62
-101
17
122
-104
-109
-58
119
5
-69
62
-57
-30
-100
68
50
-28
-19
-51
43
-107
1
-107
87
116
39
53
67
-80
-64
-48
71
-55
-50
-97
-51
29
-13
-38
55
1
-2
59
1
0
53
-28
58
95
104
30
-18
19
17
10
32
79
-119
66
-88
75
-84
20
-102
-87
-77
-46
-13
-23
-46
76
119
64
47
-6
30
-117
-69
-9
-119
-108
100
53
-106
116
57
87
-74
-83
-96
-69
-114
-63
-69
102
53
82
117
5
-117
-41
-35
-106
45
4
-56
85
102
-80
-97
-13
16
20
-119
72
-34
63
-18
62
95
-16
-44
-125
-105
35
83
7
43
-60
87
26
88
39
-69
96
-31
-31
-4
-21
-18
-48
-11
75
-12
52
-106
-3
-66
55
119
-15
-20
-5
54
57
62
-88
118
-8
-110
115
-83
-105
125
-95
116
53
9
-11
42
-68
125
3
-18
-92
60
112
4
-77
90
78
-112
60
-101
49
-6
-11
59
69
-49
-118
125
-75
114
35
-37
94
-11
122
-74
71
89
-5
-51
48
-63
118
3
-92
103
51
-61
-63
-24
14
-100
56
82
99
26
45
-106
113
119
83
98
89
123
40
14
-35
109
-35
-101
-10
-98
-58
-101
-81
96
125
5
-124
41
91
-20
114
95
-25
65
102
-120
-77
-80
45
59
-96
-66
-122
64
-2
111
92
-75
38
-70
118
34
109
97
97
-9
103
-85
-85
31
63
10
-35
22
99
82
-39
-107
104
-72
19
-49
94
-28
-24
99
-11
51
-45
53
12
-108
-34
-54
-76
-116
19
-13
-3
-42
67
99
-80
-113
12
-77
-56
79
25
-114
-111
92
75
109
-83
-1
-4
68
13
-42
-125
-7
109
-58
52
-92
31
-58
34
115
95
-72
-114
12
-91
33
38
109
-86
-103
-70
-14
39
121
-48
-81
50
-76
48
28
62
53
75
-109
25
104
-113
-73
-111
73
52
27
71
-102
-76
90
68
82
1
-53
-90
19
91
-107
-35
-1
120
78
-111
-13
34
-52
107
17
25
42
-47
94
120
-74
115
-94
-67
49
49
-28
27
-20
-113
-98
-25
-119
29
122
-92
29
8
-112
-31
-11
-55
-93
-31
-121
-115
22
-102
-30
-53
-90
-62
-118
-87
-81
-122
78
-78
36
59
19
-123
79
-16
23
30
23
87
-49
77
-4
9
91
87
-15
-67
86
66
-50
-67
-38
-79
82
-85
124
120
-35
-72
-70
-76
-107
19
-13
114
-70
2
-32
122
-38
69
-43
98
-119
60
55
-69
53
91
-5
-119
-79
92
-50
-75
31
32
6
-88
-54
70
46
32
-121
37
100
101
-12
-45
-39
-105
70
-18
13
-52
91
30
-50
-43
61
65
-23
110
-9
-99
-36
-43
-14
125
103
122
-86
-116
-14
112
-117
39
17
-114
-2
110
91
54
35
-75
23
-61
-94
30
-32
116
40
82
-21
66
117
116
-72
39
94
102
37
123
-4
13
-68
-25
-85
-30
-26
58
77
69
118
-88
-64
-72
-33
-105
-90
123
32
-120
27
31
-111
-2
55
50
28
25
6
115
-102
105
-109
74
-37
71
41
20
10
47
31
-114
-100
32
24
-98
20
-17
86
-17
125
38
-111
-72
-103
-29
72
-3
67
46
-70
62
-57
-63
65
-113
-109
-44
-123
-77
-33
24
-72
-43
55
60
-35
-82
-95
26
102
75
-86
-82
88
66
46
-49
123
66
112
68
108
-90
3
31
54
112
-73
78
-58
-89
-74
-108
24
-12
-44
-84
71
-98
65
24
115
-24
-11
54
-86
25
19
113
39
86
99
-86
56
-16
101
91
-4
-30
-100
-61
-109
9
110
69
-54
24
-124
-5
-69
78
-10
20
18
79
-53
-26
55
-116
102
-107
-27
-44
84
49
-36
16
-51
-115
-123
-92
39
94
-63
-15
-45
-98
-100
87
48
-88
84
-40
115
124
4
-1
-19
67
0
-6
20
-88
94
-91
-90
16
52
7
-47
115
62
78
28
-96
75
-95
89
-56
-34
-125
9
-80
67
38
-76
124
55
-82
71
-29
-3
110
-85
-122
115
22
-96
-113
68
-20
93
-119
71
-59
-25
-104
-34
-33
81
-125
-68
-48
10
-119
91
93
122
-62
61
-5
-73
-66
-40
119
-105
-117
-124
-71
11
-46
-68
-24
15
-30
79
76
-28
40
30
-1
-64
107
-86
-59
-56
-119
-105
-75
-16
-10
65
63
23
-73
112
68
6
83
-66
-118
-62
97
-45
-80
-32
3
-29
-17
8
-57
-123
-12
-32
-73
17
-80
106
5
1
109
-68
57
46
-70
112
-57
66
-116
98
62
77
60
38
103
-108
-107
-21
-40
-42
30
54
75
-100
80
89
-56
-35
80
-5
-31
124
-17
125
118
-31
-116
20
-74
-32
18
97
-27
55
-23
10
-41
118
111
-73
75
124
-103
-22
14
-1
-87
-10
81
62
10
34
55
94
24
-115
-29
15
-1
-3
66
-5
74
-17
99
-29
13
87
39
-54
-32
-29
-65
-98
-33
-3
-52
13
-103
77
27
-67
-59
16
-47
51
112
5
71
97
101
23
75
15
39
90
63
-111
-51
123
75
91
-56
7
-31
-83
96
-4
-71
66
-13
61
65
-32
31
-31
76
27
11
-61
-92
93
-60
-21
115
18
-79
-110
-109
-2
-71
-44
23
-73
89
-40
37
50
68
96
-110
35
-120
-24
-6
-121
-89
-70
-52
-117
31
83
72
118
-3
113
95
-67
-113
98
68
-79
75
-39
113
117
-56
-53
-101
121
-83
39
105
-6
73
-86
66
117
-110
-29
-46
79
87
-67
-114
110
-75
47
36
-51
98
65
92
-90
-68
-7
-92
99
101
-65
1
102
-31
76
90
-94
-85
-71
51
-19
-109
-16
-25
-103
27
17
49
-116
17
-89
92
-55
6
-1
27
66
-1
56
87
120
116
-80
100
124
-91
-34
0
-94
54
104
62
-42
-101
56
119
-92
60
-62
-6
-59
80
-42
-109
-78
-49
-67
121
-78
24
110
69
43
6
-23
108
82
-10
118
50
-92
-95
11
88
47
-10
-14
125
73
71
-122
0
44
58
87
37
-42
-97
42
-93
-84
-92
65
-111
65
8
5
7
-30
51
6
117
108
-95
114
76
-40
76
81
-43
-93
59
70
112
-108
74
66
16
3
14
-123
106
36
54
-99
82
25
14
-39
-44
83
-119
59
-65
118
123
115
37
121
22
-94
-59
-66
63
76
-36
-51
87
-101
-76
-54
43
-119
-29
27
-76
19
-102
15
-37
125
19
0
112
-94
78
-31
-103
-4
112
75
7
-76
12
9
-107
10
76
-25
-104
14
-28
73
-92
-39
-32
77
-63
30
-43
101
-100
-31
-37
-11
-39
-32
114
-49
112
-48
35
-79
72
-57
-123
-36
108
66
-60
-117
3
43
-48
88
-90
-35
75
-7
98
104
-105
-38
-83
19
74
-82
-41
120
-1
-93
119
-15
81
-93
-65
-82
57
79
-57
124
46
-117
107
17
-45
86
30
-70
87
-65
-2
-21
49
61
-14
-123
90
5
-21
-67
23
100
-20
31
-72
-33
66
65
93
-89
-5
9
-31
62
-116
115
-115
-29
108
-28
-21
2
-67
71
4
53
-12
86
43
-47
116
-83
113
-67
-23
-4
-39
-92
85
-33
-115
-62
-97
-18
82
103
-58
-4
30
38
2
-16
-94
51
-100
-114
93
100
48
16
4
-96
29
-1
30
-19
-66
62
-33
-21
113
-30
62
-106
56
111
46
43
-6
82
37
-112
119
-12
40
14
122
108
8
-82
87
-46
114
11
-56
-21
-77
-38
-78
14
-87
-65
86
-97
-117
-46
18
62
92
103
-39
26
-85
-121
107
120
30
63
-6
123
54
-18
-93
13
54
-110
87
-86
-64
35
-54
-62
-29
-27
-110
-122
-55
-62
-35
-106
101
18
-64
-95
35
64
22
-82
-94
80
31
105
32
-44
82
-117
-67
-19
107
-38
-86
117
114
-23
-59
50
1
-8
-19
-53
-19
46
25
-17
15
-109
-100
-4
79
38
17
47
-81
99
80
40
-47
60
-94
99
-5
87
-28
41
83
99
80
-79
119
-12
82
-114
-83
-46
-8
-94
-30
54
-35
40
-38
-15
-90
45
100
-116
108
-66
21
114
53
19
-58
72
89
63
-111
98
-69
-4
-16
-45
65
-80
35
49
38
73
-88
-56
-45
-49
64
-43
-120
6
-88
24
-1
-102
31
58
-115
8
117
-11
101
-36
92
-40
-2
-22
-24
17
-120
15
-24
-75
11
-50
-73
125
70
-96
-119
93
-50
-38
61
65
111
112
23
70
-19
-123
-2
-84
-69
-77
-95
-50
24
-51
-14
-81
65
-80
15
-108
81
-2
29
-60
120
-9
73
-32
44
-96
-25
61
73
-107
30
-73
46
-20
-93
55
26
-52
-97
73
-21
-23
-67
28
-71
-84
-28
38
43
-92
93
-53
48
87
39
102
-119
63
-125
-34
-39
120
-3
-35
-95
102
116
-25
-57
-110
-23
-117
105
-71
25
106
-19
-49
-89
52
-77
-49
35
96
-114
-44
0
-48
-117
-6
95
80
-9
-77
22
-45
-13
-121
119
8
75
70
15
105
-20
-66
56
12
-112
4
56
-72
-123
-119
-92
121
-85
-77
10
29
104
-125
28
96
122
-7
-50
-26
86
53
91
-120
86
-52
36
61
-73
-28
-90
-109
-120
84
35
100
15
57
-81
-33
-90
92
-57
-52
72
101
49
-33
39
48
33
62
-12
-44
68
30
115
-4
-32
-120
0
-40
63
-105
97
-18
-28
-60
125
43
-90
-25
121
95
56
99
-52
21
-44
23
36
-26
-95
-51
-40
28
-99
63
-89
13
-105
107
-97
75
50
-114
13
-67
-101
-100
12
8
-9
-6
46
100
98
-24
-15
-23
49
-43
45
55
-117
33
-103
-86
-108
-41
-54
55
-102
20
-115
69
-117
34
-37
-98
-18
97
-38
-31
42
-4
-94
-62
-22
102
-49
24
-85
116
-57
-13
5
-75
38
-111
70
69
-35
96
-36
71
11
-66
-109
105
57
-66
-71
-2
2
-70
-13
98
-55
114
37
-37
70
88
122
-38
-118
2
102
40
-117
-88
24
-24
-64
-111
99
9
-114
-16
-11
-13
-37
-30
-56
-10
1
-30
-25
13
107
-117
-52
-13
81
7
71
85
125
-2
24
7
6
-68
75
-63
52
-27
-33
52
48
21
-72
-8
-100
91
-111
-104
118
16
80
103
-33
62
67
41
-72
47
117
78
16
-97
6
120
-94
19
-12
-57
-114
77
-47
-34
73
84
55
0
7
-40
9
7
56
122
15
-13
-35
-121
-119
-68
99
-117
66
46
68
68
78
115
125
45
-39
-33
-8
45
37
101
107
-77
-115
64
86
-27
-48
28
-55
27
-105
44
37
-37
38
23
7
68
62
104
96
-20
-125
-58
-117
6
78
-121
52
34
-109
105
84
116
-59
109
47
-33
31
-9
99
97
86
-114
67
108
63
25
112
-1
-49
-41
-58
51
-33
-34
-56
-2
-41
86
-49
-23
12
-46
121
110
30
-71
24
60
22
7
117
20
103
22
-12
-115
118
42
47
-97
56
109
60
108
-83
19
26
78
68
-78
96
89
25
67
-125
-43
-63
-57
-124
-99
-88
-35
58
-28
-9
-54
42
40
44
-82
-121
19
-15
55
124
122
60
-17
112
-96
91
-73
115
116
-62
50
71
31
36
-36
122
60
20
-120
-5
119
80
-67
-5
97
43
25
106
18
-12
-79
-80
119
-116
71
-112
8
28
-21
22
-3
-82
-73
-51
80
-99
-72
88
-4
122
-91
-70
58
-96
109
88
-29
-29
86
10
62
-34
-71
7
-117
-98
-93
64
-29
82
83
33
-72
-123
99
-21
-71
-54
-109
14
-48
75
37
73
-98
109
-9
-83
25
-43
-9
61
-87
-42
-29
29
-110
8
-53
-67
0
69
24
-118
-3
47
-33
-101
-111
11
-80
88
1
-54
73
-105
67
-95
-28
-55
-13
36
70
-98
44
-97
62
105
10
-23
-2
61
-101
-19
-63
-108
125
14
39
101
-18
-64
-24
-119
-55
-117
-116
-61
112
-46
91
18
55
124
-21
-28
28
-6
-52
10
29
17
5
77
77
36
102
-93
97
1
124
90
81
-125
-20
-34
33
106
49
-76
-103
5
5
-47
19
-117
68
-115
-77
98
-88
86
-7
-31
-117
-97
10
16
56
-4
-105
24
-30
-19
-68
48
-88
111
17
-62
63
0
-64
-103
-29
-71
-113
47
10
78
-111
-56
-55
-58
-113
31
96
30
55
41
73
60
8
118
41
-22
84
-104
-37
-6
-19
-112
-2
84
39
-79
-84
-12
-99
-46
9
-115
25
54
98
-86
-18
-29
-39
-13
28
71
-40
26
-23
-50
80
77
93
-45
105
19
-123
73
118
69
-110
67
-110
54
19
102
8
-62
50
-52
-122
84
74
53
75
-39
95
41
121
44
-125
99
-70
-48
95
-43
-68
-76
76
13
-125
-19
-113
52
-74
0
67
7
-21
-43
-79
-38
-59
33
105
-80
-28
115
23
37
104
12
59
-117
-35
72
-42
64
23
82
3
-110
-86
51
29
19
-49
111
40
-44
108
-70
-77
-7
-48
40
-38
-99
43
105
-99
-104
82
-64
-88
57
48
-31
17
73
-9
2
92
-121
-45
47
47
89
18
118
-36
120
21
26
51
54
-54
-94
37
-68
-48
43
84
48
-16
-63
-10
-20
68
-54
91
-39
-67
-110
-33
89
-115
33
114
107
-65
26
58
74
9
114
61
-31
-31
45
-113
106
-31
-33
-3
-47
-113
105
14
-79
-6
-107
73
-123
66
92
124
96
-57
2
-88
-44
-115
39
-91
-86
81
58
-104
-96
73
-21
-7
-80
4
99
31
82
79
-83
100
-59
-17
-4
-16
1
30
57
-116
47
33
-101
89
-115
-81
20
-88
9
71
90
103
-25
-91
-47
113
123
93
-78
62
73
-124
-38
-108
76
-114
-44
-84
-90
36
102
82
-53
-113
50
112
95
-125
-107
-9
106
91
-46
-14
-116
51
100
-103
115
50
-98
-48
48
-3
-63
-17
38
-123
65
64
-91
-33
12
78
73
-97
-15
-61
97
-63
-118
100
112
106
-58
13
38
-86
-115
83
-45
-119
-2
-109
-38
117
-99
80
-74
75
21
-6
-108
-61
-15
-75
-120
-32
-87
16
-96
70
-120
114
65
-117
45
51
-70
-48
-61
-120
87
57
-106
55
62
80
23
-54
-5
8
-51
-38
-46
78
29
48
-65
-2
-52
-2
-66
89
83
-65
50
-5
-89
-94
7
101
60
62
85
-39
45
-58
-18
83
84
14
-5
-73
45
-41
-111
-95
37
-74
-43
-15
20
4
-36
92
16
-112
8
115
117
7
-87
56
98
-48
-69
-55
82
-73
34
-38
111
-2
83
-96
17
-35
-55
14
13
94
-59
113
101
-112
113
21
47
-61
-76
56
56
-4
23
-4
-15
21
15
26
-46
-39
-22
-69
-120
116
-64
44
30
-78
-17
83
97
-46
-103
-109
-21
-29
61
107
-27
109
-83
8
-112
-25
22
22
19
-120
84
-67
41
3
-84
-41
3
-83
-111
-63
-74
95
40
111
-12
105
-30
-1
99
-83
78
-52
-118
-74
-98
-83
117
35
-66
82
-9
86
66
90
100
-73
63
25
-24
-41
23
69
69
10
-10
-8
-65
-103
-37
76
-31
-118
23
15
20
112
10
-33
9
-20
124
-8
54
-51
24
80
5
7
31
-20
20
-36
74
23
-92
23
49
-119
-115
-122
-55
-46
30
-17
68
-99
-9
30
84
8
-99
100
18
-4
-27
-49
-98
-42
12
-23
53
46
104
-61
48
-62
-86
84
-119
-83
-82
99
11
17
-12
-91
112
96
-10
-61
45
-34
59
7
-92
-73
123
-123
-86
102
52
-104
-56
92
-59
56
85
31
10
-5
-10
23
90
54
-119
-22
-111
4
3
97
94
-73
-114
-41
-100
-58
124
-4
125
-93
-44
-81
-100
64
88
-32
86
19
121
-67
24
21
83
104
66
-30
79
-10
75
-95
44
-2
-123
-47
98
45
-63
-31
-5
56
75
113
-104
33
76
124
90
39
88
-49
83
-9
-39
-63
64
75
-105
-71
-23
6
39
-8
123
-72
116
28
49
-28
-52
26
29
-29
-46
123
6
-108
-66
73
-16
-51
19
-19
58
-121
9
-68
67
-26
-33
107
-115
-52
-22
-122
-32
-113
-121
59
42
41
-112
-13
-41
88
105
122
107
115
-9
6
58
52
12
-71
-97
-89
-79
-20
-76
-16
52
7
-29
-98
110
-110
123
-115
-85
8
101
17
-105
104
-55
-98
67
25
-104
-109
75
96
-118
-13
88
-100
108
31
104
3957 1075
1135 2919
522 5779
1119 3426
3668 641
2687 4771
1661 1455
3545 5708
5761 3787
274 4140
5087 1091
127 4133
674 3882
3863 4113
3665 1707
1387 1136
3284 5166
2772 1125
4616 1289
3835 4882
5204 601
223 1297
5901 2689
1314 1733
3415 2769
4693 3472
3245 3179
1109 5254
2290 386
5734 5746
5641 100
5183 871
578 4762
3974 3625
4871 1981
4478 301
5318 4827
670 127
1967 842
644 3171
3920 5164
826 4286
1087 1204
3463 3333
5208 1689
4473 1909
4936 1960
3073 214
313 1566
5520 5658
3902 2198
977 4554
3586 160
1846 307
4604 499
600 3484
5078 4068
3721 5164
3214 2023
348 2618
4876 3798
1320 1220
4197 1536
2969 1620
5616 4995
1191 5456
5063 541
5723 2497
2400 3775
3343 2487
4364 804
405 5354
1039 4912
203 3059
5266 1516
5853 1805
4166 2593
219 2358
810 99
3709 1995
1198 801
4085 5155
5976 5401
4500 3434
39 5025
2831 145
5463 1460
4051 5908
3077 537
2407 2988
1315 3050
4225 2806
5533 5364
2267 68
4429 5946
3831 1458
4124 911
4145 187
5466 5428
4020 5117
2673 5134
2992 3595
5925 4123
1851 5490
350 727
3013 5102
472 4554
640 1981
1322 804
1567 2228
2375 3932
2030 577
2882 1894
2323 2352
2629 2291
1460 2514
4052 4269
1354 3979
1741 1779
4116 4428
2370 833
4782 3312
1051 4979
2738 1674
1461 1020
5536 783
2544 1634
2699 5904
776 5725
884 1515
529 1456
619 2577
3049 5702
5987 3275
4872 897
86 3961
5771 687
248 4668
1634 4766
320 1909
2534 5986
2133 1741
4799 1188
4389 3670
2997 1789
171 4370
5270 3875
1298 3939
3191 115
2741 1826
318 5744
3625 4852
3536 458
4030 3049
1542 2147
1345 2695
709 3086
4630 247
4206 5753
2580 862
1859 573
5073 1214
3387 1827
687 5214
2056 1129
5079 5272
4279 374
598 2770
2536 2026
5285 3167
831 1913
1006 4486
41 5881
3611 3203
4867 1978
1216 5373
4024 2278
1484 1944
5689 1545
5373 5467
4178 1939
4706 2853
5995 331
4260 5372
2764 4838
951 2566
3060 1576
4349 1723
476 1035
205 186
2855 1070
4402 620
45 1439
2454 3750
2488 3356
2705 979
2607 215
173 3409
2369 952
796 5530
564 4055
347 3622
3759 5210
3656 4527
2004 4619
2387 4069
514 494
4401 1395
826 305
5735 2194
3296 3077
1893 476
3349 5965
1040 5844
4883 1829
84 5796
3400 3476
3498 4311
1958 3604
135 5000
42 1650
2837 5787
1388 1505
1942 314
1622 1460
693 898
2665 780
5840 3440
3228 1374
5251 1430
2215 345
166 5474
5855 4006
4811 4673
2962 2417
1152 4928
1126 1479
156 3875
3292 848
1143 3834
2347 3663
2474 5088
1882 3096
5146 4261
4190 1266
4223 1967
4550 908
1546 4317
1634 2261
470 348
1275 486
4541 5614
5375 3635
1182 1239
4780 1827
5358 5465
5263 1851
302 819
3437 2914
5339 549
1298 1872
2219 5159
2039 2952
5350 5755
4794 3960
435 577
905 3214
5989 505
2798 3821
2070 2846
5138 1
3795 2401
2987 3295
5943 2515
856 3377
2876 4663
271 4832
2047 2007
340 931
3172 1206
1277 2231
3515 1894
3363 1791
5953 1035
524 4078
3513 960
1159 3954
2428 1512
2023 4980
5711 359
868 2189
373 2643
878 5660
1828 341
2147 21
1068 68
147 1611
3829 4740
4899 3665
2280 3387
2031 2158
1057 516
5603 5295
2323 424
5227 3762
5229 3673
1241 1312
140 4977
4311 2042
4225 363
5821 5031
2948 191
4054 44
3737 548
2495 2542
2210 4657
3919 4916
1253 212
4733 2656
3312 439
5806 2368
2666 2144
3710 960
4187 4137
2113 770
1214 1567
762 5184
2726 334
2300 4577
3216 5420
2640 1915
216 5157
1910 617
5502 344
3087 1693
3081 5615
4393 5702
3036 3220
1980 1909
5913 1810
3414 1581
4084 1819
1106 1802
4170 1545
1775 3203
785 1990
557 3074
2464 5183
5610 3700
2211 2342
3167 3084
1784 2919
1669 2845
1598 254
2028 424
1183 135
764 4082
1898 1045
3725 922
1046 5783
2021 1786
5508 4024
1440 27
4213 5479
2981 4478
1868 1399
2678 5304
5268 71
5736 1213
3685 1124
1332 2561
4019 1693
4300 4058
5800 3543
226 5914
2516 226
2166 2365
994 3820
1519 4878
2252 4469
5565 1902
4273 2611
1900 5543
4774 5239
3514 1165
3483 2847
4572 631
1376 5821
2510 3165
4247 904
491 866
5435 5265
3692 4084
2162 809
996 1681
3231 2865
2331 3101
1771 1602
5544 4321
3237 271
1349 5702
183 4503
1470 2275
3899 767
538 2466
5470 4320
830 425
820 5276
3502 5032
4012 2487
805 5055
4261 2755
3062 3074
3249 3901
3828 415
3289 2535
2399 2463
3521 1237
4176 2316
4398 1531
3112 2434
3781 2582
132 2264
3381 3547
4083 5937
552 5950
5386 3406
5382 5748
968 4998
907 2794
5238 5625
1722 3543
2481 5729
3314 1327
3420 4443
4144 2794
4847 644
1269 4548
4948 2311
761 2886
1044 1398
1407 1590
5149 1863
795 1898
1303 5921
5794 1474
4695 6
4257 327
2995 1956
5457 351
3592 5063
5033 2450
5480 5153
868 2673
872 749
4757 4246
1577 3424
440 2167
2772 2881
2395 2943
1516 2298
4429 5662
159 639
4309 5599
3997 1471
86 1483
3356 4841
2194 4381
1099 3585
4525 3013
1462 1090
5635 2097
5066 2198
4364 4041
1673 1636
3774 2601
5103 1994
4948 1445
5094 3932
1455 5287
2359 4779
2186 3965
4882 4536
2914 913
2144 507
3029 1689
5783 5568
5818 3360
4942 3009
434 5636
2 2634
5149 578
2216 3512
2032 510
1395 2244
965 3768
2840 3487
4052 4939
2305 861
2641 2824
2479 359
950 5651
1635 2204
4658 636
5294 4089
4450 4208
2648 2633
2735 256
126 4765
4136 1843
768 3263
5041 2168
5626 148
5756 4543
2032 3088
2056 105
2015 526
1399 5452
4322 3585
1204 1739
563 773
3524 1381
2 5881
5372 5469
2459 3537
2564 27
4115 1398
4043 2529
5411 5953
5451 816
2440 3512
2462 731
2090 4728
2336 2476
5883 244
3895 2007
2307 5341
4081 1308
1194 5187
365 1568
3189 5786
2397 14
3845 385
2793 3641
3852 1967
3064 3094
5409 1918
4859 1128
854 3628
3498 172
2328 4048
5635 918
3206 5946
2320 507
854 3615
5177 2049
3717 2115
4025 3284
1869 2679
3509 1978
5420 1429
2603 3849
1555 1417
3943 1399
3884 5763
3164 5890
1471 1115
2257 1170
4294 2612
4057 2636
3583 4788
4200 2392
5491 994
3155 3221
1301 4833
4871 3227
4477 5452
620 4081
3461 610
571 1632
1571 3845
3694 5976
4025 5357
4520 4977
5257 3074
5349 2341
5485 5050
2290 4061
5382 608
3264 1737
5059 2582
2949 1059
965 5324
980 3158
5521 5121
4062 4667
965 2457
3225 2676
1278 5407
2576 701
2601 173
331 1408
168 1307
4928 2968
3080 2244
2682 2344
5265 3759
5049 1596
5021 972
90 5280
557 365
361 5488
5464 5591
740 304
3717 1993
578 685
716 4157
2451 3219
5976 3948
4825 1473
5695 1063
4744 922
773 2915
1098 2637
61 965
1671 1479
5666 3246
4643 1831
2821 4648
2999 4771
4104 3794
3300 2489
2650 3913
2934 1224
5988 5464
4086 5152
5156 2704
1634 4647
2711 699
4257 4734
4157 1278
1985 5619
2679 3997
5476 3880
3908 5668
539 3284
2397 4819
3217 3657
5501 2505
2619 5702
2021 757
1278 4797
1279 1608
2081 1063
2177 175
4309 2887
1268 528
4610 3165
1398 3570
5892 4268
253 5330
2279 2189
4829 3331
1726 2645
5020 2870
1818 4533
5395 2363
1593 416
4999 5927
4588 1011
5770 806
5502 4080
1708 5970
5202 2411
5893 3476
316 4377
4200 5723
1843 1125
368 1851
5925 1125
4846 1352
1227 2428
4166 771
2991 4466
2374 5220
2508 1697
2825 1705
3012 1441
3371 5805
4424 1718
2974 716
3635 504
2748 2342
2007 1332
2718 3459
5069 289
5436 2934
3783 165
1894 2261
4521 5385
2578 4151
3431 5163
4183 4847
3712 2386
2810 568
3788 3815
951 1618
897 930
482 2556
1788 2418
5086 722
574 2241
5902 9
1269 2887
2874 4904
4462 4527
2372 793
103 279
3884 4465
3097 3243
4929 4972
3814 1492
3337 2461
847 2381
642 3908
4281 519
1417 2000
1857 3534
1708 5608
2014 2571
139 2261
4022 2762
3172 4162
5972 4751
4544 5510
4664 325
4519 5905
5870 1143
4683 5621
3620 1107
52 583
5127 2139
1159 1910
1421 3470
5437 4940
4121 5255
2225 451
1802 1876
2746 5609
4868 5113
1674 1031
3763 5622
1958 5358
1101 5223
3511 195
2584 3962
656 4637
1277 614
5728 1628
2539 1802
2026 1085
3310 580
868 1083
4401 403
3982 4663
865 4271
2595 3563
3748 647
2740 1500
2731 2555
5075 3071
500 4860
3053 3069
2995 2881
2044 1049
3105 1963
1836 2994
773 3786
2380 324
1507 561
2887 3028
4882 4424
596 5899
5363 3825
1786 4370
4526 2029
2904 4928
3055 1856
1892 752
1089 5938
1763 3398
3945 1367
505 3331
4087 2177
2736 4599
5576 4549
3822 2743
5152 604
4467 1391
278 4026
3296 4953
2032 2132
3726 1167
401 1758
5245 5197
2912 2386
2044 4155
2347 184
1097 633
4603 5890
1418 588
2921 3015
1035 4792
914 979
5736 5646
3863 1644
3662 3337
3640 648
5309 2051
851 5821
5536 2093
1895 4890
3552 287
1757 5956
5798 2540
4681 2659
944 5530
3086 1823
3126 3568
1488 1013
5901 5297
1646 750
2091 5017
4287 5265
620 2261
875 519
309 3767
2014 480
2151 1322
2553 4517
4374 3171
1066 3054
1803 2153
541 4517
5815 2567
2274 1002
728 5999
2849 3095
2449 2897
684 2199
4133 2572
5412 3
1460 4420
3022 5486
2745 5813
2038 610
3251 2983
1509 1241
5683 3747
2384 2161
709 4228
3681 5610
1491 2433
1626 1185
2182 1290
2391 34
3822 2017
1555 5945
4772 3660
2286 4138
5438 4568
445 4963
2435 1840
3074 5454
2079 4317
5710 1499
233 2096
964 3565
2660 2303
1056 2739
627 1148
5976 650
3168 652
562 162
5614 38
5414 1662
4605 1418
469 4752
3822 1781
4138 4756
2921 3970
5007 955
235 658
3156 3659
1747 2336
4380 4389
5471 3294
5624 3832
851 2788
3688 2756
4010 4443
3631 3953
4591 756
5430 2368
5662 4718
1620 1347
1943 4760
3692 1241
2147 1507
5831 588
698 3516
2069 2287
5524 4729
3758 5890
1822 4530
4045 2440
2336 2706
2399 4203
780 5693
5881 190
5322 5972
2984 418
546 71
2108 1677
521 5179
5416 4041
1263 1388
451 5497
248 1860
882 4737
5771 3005
442 1750
2087 4532
4801 3668
4988 1902
4996 4271
2057 3503
1774 1371
2706 2776
3064 640
3796 3313
108 376
396 4984
1854 1835
1156 5736
1581 5886
1120 2366
150 4599
1113 4264
922 4739
5303 543
5185 5884
708 3446
4847 1061
4830 5539
758 184
4766 1725
4653 5251
1319 3127
5999 4029
5952 509
3446 4911
566 5020
5065 2881
2380 1191
2932 3106
2548 871
3016 5517
4771 3042
2834 2552
832 5279
1088 3279
4573 5641
4642 3152
5689 434
3533 3096
388 4810
1685 4990
5 5168
1084 3246
1513 936
3542 4825
1053 4558
3984 4106
5326 1242
5680 3132
126 2709
878 3179
3018 2154
5907 4169
2969 240
2800 658
2104 1608
2979 4897
4836 4034
4726 1252
184 4836
5545 14
5880 909
1745 5339
4572 567
640 3529
865 5564
5878 54
2716 5003
2664 5220
1361 442
305 164
163 3278
2391 5474
2733 4329
2207 1677
4256 5331
4739 1626
2062 2412
1187 1817
598 2481
282 1464
4705 1837
4002 54
1709 2866
602 2059
4263 2728
4247 903
4911 372
3225 392
566 93
3904 3279
4411 268
1006 213
1671 882
1823 4122
3077 4623
950 1327
2038 1311
394 1013
3619 5527
257 1269
3348 1505
1755 3985
4114 1316
402 5690
5480 1624
4192 5268
2447 1672
1538 5927
5978 1160
2860 2056
5103 4969
5837 1271
2455 27
820 3514
2423 947
243 5034
3024 3741
883 2668
3125 1940
2617 3938
4587 5935
4535 1299
2053 3902
2838 1449
4528 3574
5970 633
5820 440
2374 585
3357 3817
1514 2589
5985 3725
4186 5602
5203 5430
3385 2190
5951 716
2342 5607
3271 909
5630 3012
37 5799
418 3361
66 242
1450 5783
5798 5828
2377 619
113 4768
1635 182
57 1103
1789 5589
3765 817
5636 5473
954 4293
4897 5697
4883 375
5100 1263
1559 538
2174 313
1142 5079
2827 4953
5187 2100
1903 4327
825 1992
3736 524
5975 494
2533 3675
2093 2713
13 2956
3308 1191
2147 344
4281 728
729 2588
2130 4704
707 4247
5972 3483
3021 1270
3261 97
3855 4723
2333 4395
832 5530
4962 3653
4745 140
1076 4643
3515 1222
5150 3801
5731 5748
3055 2614
1997 4739
1920 1057
1000 1013
582 2647
3416 3848
1178 835
913 5193
2215 1135
3635 2789
1827 4809
2529 560
2338 3930
5606 377
4664 4995
906 1406
302 4473
3313 5452
679 2228
581 2986
1730 1554
21 1478
2450 2433
1838 5184
1085 3164
2249 646
34 4533
533 5647
2239 4452
4679 1436
1922 1215
2399 3484
5086 235
2012 5679
2816 2257
1986 141
610 677
75 936
943 5187
2397 207
760 1691
4475 1893
2167 5567
1022 177
1107 2809
5285 4935
2115 5843
1322 1143
5974 5153
1591 1284
3554 593
5368 1592
3452 4279
1747 3446
4408 5570
1974 4912
3792 4179
5808 538
1626 1295
5731 527
5077 4931
5672 786
789 2135
2563 2215
1040 438
2008 5652
7 5324
1118 4210
1993 2881
596 4216
4484 3158
1730 10
4237 3421
2368 3038
2466 5278
5244 4367
3951 695
4248 5189
4142 5524
4019 2293
1090 3391
3385 3077
3173 3178
4013 3235
704 2330
646 2134
1628 2934
4599 1045
2423 2929
4276 4295
4633 1412
3458 4507
2103 847
1886 2024
3191 1313
1201 871
2437 39
5538 4608
2406 1521
4300 4275
2491 4427
81 5305
952 59
5136 1625
5877 4006
1043 1966
4885 2072
44 5049
2806 3315
2849 2388
2840 983
165 5975
2593 3732
5673 974
4176 668
1843 3466
832 5532
14 3815
3920 4796
130 2494
1633 5749
3109 156
1871 5203
1522 2467
5907 3355
1865 5823
648 1118
5512 2764
5342 5774
3464 4118
5307 4033
1514 4080
5176 3028
788 201
2347 2354
1991 3692
1457 5509
5843 648
4895 4460
1421 4063
456 478
5823 5858
225 3245
2385 2925
5971 4030
4743 1967
1745 2441
3034 2685
5403 1324
3836 3448
1474 1812
4134 859
2158 1663
1076 5209
5308 2604
580 4439
3003 3988
3770 5702
601 5533
1240 1284
3737 2924
5804 899
89 891
4666 218
2737 3083
588 1754
3822 2892
4055 468
2207 2842
2032 3593
5119 4570
687 2562
3605 3446
1987 5313
3625 21
4613 3496
1400 5599
337 4969
986 4719
451 2909
3297 2762
3870 4072
869 1487
1027 4589
5886 239
3632 4463
5457 5935
2439 1768
5518 4668
1376 5565
569 4926
2049 5281
5224 4224
5725 5752
3277 5743
507 2895
1013 5072
1737 5499
2143 5367
1169 2127
673 1302
955 4467
568 4915
4610 5153
270 2029
2075 4080
289 5104
4707 1191
1441 3526
281 4970
2618 2112
1500 4073
5779 518
4102 3882
1062 476
377 5283
4321 5734
313 236
5052 5133
4523 1717
893 162
4843 4932
4760 50
5220 2146
3787 490
4476 630
2553 3389
4174 2241
4228 4628
2108 284
2160 2629
1860 159
5318 1800
3106 4084
5863 853
1271 988
3154 1954
3673 640
312 668
2603 362
2733 5124
2014 884
2977 3308
2279 4961
4496 1185
5059 5451
2631 3051
1369 5389
2120 19
271 1538
607 517
336 1166
790 4854
4716 1708
4695 2503
3648 4423
1024 1691
4455 1868
5675 4245
2417 5695
3454 4998
3956 110
2945 4374
1968 1972
2686 400
4599 2111
1246 435
669 675
5809 4565
2284 4319
2942 3275
4923 3745
5836 2247
1360 2934
2783 2449
964 3205
1480 1434
1958 1437
1766 5868
2034 2971
482 3046
4579 4225
4090 5559
2070 4611
4187 3816
2386 1411
2276 3807
3845 1808
3385 1873
3680 651
3557 5112
1142 618
148 1814
5153 5824
576 3448
4486 1820
4474 4014
3162 3057
1340 5018
2884 5366
3404 3591
1956 1599
275 1100
5605 460
4622 2673
1296 4033
4373 1761
5649 3126
843 2321
4093 3647
5046 4432
4324 14
3599 2687
1156 2999
5547 5811
2766 5701
5675 5433
3629 4715
3329 793
4708 846
3237 5006
1782 1313
727 4869
2332 5985
149 4324
1955 962
127 3549
1557 1113
5529 5938
4137 123
4385 2347
3149 4902
1490 375
4194 1807
4023 1935
5736 5244
5652 3793
876 1939
2466 2315
2512 2355
4154 3286
3914 1041
5428 4166
3039 581
3440 431
306 2486
5412 3210
311 163
535 4472
3373 2372
3757 214
283 464
564 1441
2778 3808
3327 3084
3124 3156
1681 2160
1003 4372
3677 3524
2173 2874
3243 1085
1558 590
3773 2087
1078 5970
4003 1109
3813 656
2587 2725
4789 4448
5101 1383
3079 2030
5398 3104
2880 5676
292 2154
1485 5891
722 574
3364 1120
1891 5381
1949 157
2500 4075
5281 2413
4589 5621
4626 1052
617 1204
1468 1206
3431 4843
5835 3703
655 4174
1804 5571
5049 1803
5016 3287
1530 3837
2174 5743
1232 286
1232 4121
3745 1213
1137 4874
1727 3905
2317 1473
4910 2029
3850 3577
1225 5300
3726 4834
1890 4734
4465 1025
3753 1596
4484 1158
4654 2312
2866 1999
2458 1025
4854 636
3243 3878
333 5411
4351 880
5085 277
1812 4981
2774 2000
5356 2795
3432 4182
2086 5401
4742 590
5707 2116
5402 858
1303 569
1320 3977
2425 4917
423 2765
4156 621
173 5071
1366 2491
3290 5505
5857 3255
2393 981
2201 4855
3026 957
3045 663
1060 2418
2953 5436
3745 4649
3035 4885
1193 131
4260 5235
5244 4628
458 3403
2506 2806
3180 938
4989 3950
4398 4681
5866 3391
2405 2032
3508 350
5685 1951
1921 3958
265 2651
1649 2317
2530 3414
988 4982
5365 5043
4011 4952
2782 2824
2187 2864
5705 1444
5933 4083
4674 1731
1969 2166
2587 3904
2804 5697
4047 266
2375 1024
5924 1114
4179 5788
822 1716
1449 1883
4338 1964
1887 1987
576 4123
456 1861
2821 1026
2034 5591
1047 4286
5255 1074
3330 5837
4540 4622
2826 3088
2014 3498
2178 5969
861 2512
829 1990
1401 5784
516 4343
4189 3196
2711 5949
4025 1709
3911 491
1365 2148
5459 866
1586 2715
2257 4223
499 3661
768 3000
1740 4858
1547 4919
5386 4384
1825 3077
515 3703
2275 3083
703 1723
2413 3589
5223 2688
632 2600
5229 3105
1279 3398
2604 4825
4193 2943
2930 3334
4039 762
3771 186
2519 5620
4831 2980
4968 3224
703 2254
3958 2113
2604 5928
1720 508
4153 1142
1072 4209
3554 2566
1459 5218
29 4900
5002 3205
3471 1377
3160 239
98 1857
3853 1058
3510 1860
1770 88
4726 3655
3878 848
5997 156
3633 505
2232 3783
1591 429
733 4779
3303 2304
1660 1572
1748 2168
2693 5206
3003 1471
1562 2614
5510 3702
2662 4567
4097 2733
5119 3417
3852 5265
216 5197
2432 5861
2186 1387
4821 3092
4084 4279
2 5733
5073 4306
3767 5857
393 4221
4328 673
2778 35
1723 2587
920 791
1700 2558
1266 956
2734 1595
2455 292
3053 1192
2521 1563
2593 2895
3090 5749
1870 1068
3620 628
3594 1479
2997 270
1479 3166
2906 2527
5457 231
2611 508
4218 1444
792 1448
1045 1095
5138 665
319 3289
2589 4749
2244 1718
4924 1386
337 4203
3502 435
2806 3571
4624 3954
2223 4445
1955 2562
3187 178
5759 2604
108 4374
168 2437
5112 813
3615 3989
3871 4352
749 987
2614 1536
1692 2303
1188 3210
3462 920
4179 924
2322 15
2377 3111
4939 2980
584 3301
2548 5952
3714 973
3178 3067
4465 5284
2632 2382
773 5686
4977 5915
511 5814
425 4364
3327 802
3556 3642
1529 4123
1604 2719
5181 2243
2957 2221
3127 424
91 3872
1268 1040
3382 1314
902 1605
3397 5950
4905 4771
4721 1703
2247 1039
5083 4345
4777 5099
5617 2992
4640 1239
5837 3240
4227 2490
414 1253
5497 3698
4731 2132
5353 2248
4421 450
192 2359
1276 1243
2035 1262
1813 1189
2406 1956
4555 1775
2684 92
3556 1428
3263 2137
5157 4276
4691 3444
3496 5412
342 2764
5900 485
3675 1212
5710 1651
5607 5459
103 4799
3819 688
3094 4975
2771 2637
5424 2628
5310 4718
4597 5773
5424 2473
5557 666
1172 4568
4466 3635
4118 285
1031 4665
4288 885
1513 2621
3155 4769
4334 4065
728 2449
4716 28
2631 4641
5666 866
2040 2248
2973 4146
1881 5390
3492 2001
319 1503
132 1688
1712 2718
2947 554
5137 5931
335 2665
347 247
5655 4009
5427 4888
909 4916
4778 1784
2490 591
5842 1667
5298 1037
2131 2593
4346 3091
3740 4528
3847 4636
5054 5542
5704 3550
517 3349
5063 2685
2664 5808
5148 4510
3860 2989
2915 1503
3972 3676
5727 2197
1108 5831
5663 2533
1173 5273
1199 2423
1555 5796
5810 680
3270 2494
1215 2735
1846 316
58 5186
626 5922
3588 5434
4163 841
4821 2789
1244 5714
441 986
5045 2235
5001 5250
745 4415
5756 1237
2844 5634
4461 850
993 5870
4623 2404
4426 183
62 5969
1185 3622
1448 3860
5288 4244
5260 302
4364 1557
2321 4248
751 5015
5562 940
549 795
1720 4917
4735 3779
1857 708
3127 2685
1232 4068
3147 175
829 2433
2333 1123
5359 3316
4842 4101
4638 4706
1066 1115
5054 1718
440 484
2601 4187
98 2676
652 5903
3011 3071
5061 2485
543 1747
43 3225
783 3387
2654 2809
30 274
881 1778
18 5493
4214 4729
3359 2860
184 4348
3449 1594
3758 1639
568 1346
879 4011
1809 2061
1217 2172
2851 425
4215 2282
5231 2628
3914 1699
5739 5338
502 2742
1896 1371
1017 2699
3219 3521
2488 2306
5465 2704
4146 2777
2943 654
4585 1809
1153 5637
2782 131
2393 807
1836 3631
5970 3042
4296 1766
4893 2676
1639 5081
2676 4864
2161 240
2126 1313
2900 976
4066 1279
5724 215
639 5936
1650 2314
651 2865
3219 1089
554 2309
1458 880
5906 5948
2032 1738
1196 904
4171 3953
142 4972
1765 113
5063 550
1287 3422
2410 5726
2997 4330
2111 5087
2419 5756
5030 214
5608 3534
3150 3065
3026 5621
1525 75
5899 4710
2320 893
2602 1431
5501 2102
797 1140
2983 1029
3206 3460
2314 326
547 5403
1784 2724
5859 352
5676 799
2805 626
4268 1774
3411 358
900 3558
1984 612
4209 1307
5437 2804
11 4838
4770 4211
2342 1273
5611 4586
1946 4303
1968 5008
818 791
4170 2463
2323 4370
4211 3285
1502 4618
1950 812
4295 4870
4919 5435
774 5067
4267 1342
5118 870
5739 2116
4332 5431
1917 1512
1826 1216
2932 323
645 2719
4945 3503
3524 4087
2537 5567
5642 3110
4137 4221
2790 194
3416 771
1432 3653
1452 2767
319 1291
3072 2641
4417 4842
468 934
1130 801
421 2122
3433 964
239 2266
4023 1751
576 360
521 2249
3630 5970
4584 355
5500 5813
4336 2032
5977 4013
5765 1376
218 2241
5261 3400
537 3997
5081 2972
4733 2479
549 543
3500 294
1379 4570
127 1080
3939 2523
5317 1428
1767 4048
3434 3047
2371 197
5289 2466
4730 5034
2864 5899
1031 3257
4787 3523
5097 1974
1172 601
1171 5192
641 5581
3810 4391
606 583
1200 1286
2709 1177
4009 3378
1867 98
1164 1932
2228 4725
836 4052
2314 2201
4168 1126
5882 1090
4176 5770
5888 4224
905 3974
1733 5334
1114 1239
901 3950
5576 3840
1014 1018
1639 1857
1685 654
3378 3276
2099 2605
2828 4388
416 2098
1544 1207
343 1488
1671 1422
3579 4219
1632 2674
1776 4745
212 1473
285 1699
3842 4513
1904 5968
5336 5636
1394 1236
4108 4061
1133 3140
570 2642
795 1070
607 2723
4689 1655
1589 2170
4252 5524
5967 4403
4698 3917
3912 1166
3037 5343
1047 962
4443 3954
4134 2276
1738 426
4723 5144
4954 1809
1046 1288
5155 4501
4468 5459
3296 3582
4756 5895
4460 2674
2032 4994
4892 5708
5374 5029
5517 3531
671 4794
4624 423
951 5976
1075 3946
1327 2869
419 76
1592 4507
1742 2303
4513 1918
541 1404
1418 1117
2529 4269
5913 838
142 1421
5645 2879
5862 4509
2 3714
4135 1273
1061 345
2775 4810
2296 139
5006 317
1431 2053
4118 3988
1628 397
4191 1243
5408 5763
3174 5278
3971 4584
3158 808
2591 4707
287 591
3528 2146
1590 4079
2854 4862
2286 404
5669 4115
2197 1660
2140 158
386 5436
3438 519
4174 434
5678 4401
4576 3195
1302 2672
2350 4838
1498 4683
4320 4152
4472 5537
1303 401
3379 5184
2366 2639
2832 1748
3328 449
4416 2158
3962 5055
303 1093
1650 5993
2300 5009
5769 5421
4202 3797
3821 2461
1239 76
5266 1936
5099 4664
2209 5783
2963 4375
2017 98
4831 2247
4198 2709
2072 5259
2807 5158
1318 1023
3940 3688
3697 200
4328 652
4007 2448
5067 1078
2573 5568
508 3518
105 4254
2477 681
2896 2602
158 5127
2219 3844
303 2446
2815 5616
3728 1351
1085 3932
3755 967
4951 1
5141 3185
4788 3832
3281 5769
5382 2015
1206 5308
5226 364
3202 1535
1280 2210
1646 1205
588 2562
5299 2885
1932 4787
3773 75
938 2005
2272 5262
724 5074
2873 5378
2586 1254
4582 367
360 144
1832 2545
4166 2538
5640 4001
1340 1718
5720 1108
729 1913
5771 1699
5830 4669
839 603
5718 449
362 453
2801 3491
1803 729
5714 1505
2786 1918
3629 1324
3707 1301
2132 111
1975 951
2188 5983
1396 3980
940 5970
3230 238
4806 5637
3365 573
233 5961
5057 3636
854 1197
2451 492
2449 402
638 4384
427 5867
1158 3248
2302 1443
2088 3705
5288 804
234 5029
3483 2293
4884 2144
3508 5636
335 2459
2331 1796
5549 2356
4906 3080
3418 4597
2578 4017
4273 1243
2810 5188
5058 2890
4890 3920
4018 32
2455 1390
2643 1063
1663 3001
102 431
5704 1553
2814 2028
1523 2699
2727 2139
3335 5131
1383 730
1388 3749
4291 2121
3492 2111
5893 5564
2545 3179
5501 4450
2163 5284
2038 2955
1984 3239
1947 5637
2281 1685
5641 5415
5131 2741
5942 194
4403 5519
1266 4485
1366 1718
3453 928
3536 4870
2394 668
186 4655
4434 5161
466 2511
2380 4711
2454 2871
5643 4745
4480 5431
1736 2822
441 716
1170 2482
3495 5051
2372 1213
2041 1070
3750 1722
5893 3102
134 2739
3007 33
3944 2811
1309 4663
2011 5636
1352 5088
111 3186
4198 5136
1028 3584
5014 1973
4084 3873
1115 1176
244 4170
909 2274
2262 2542
1100 1554
467 1609
5398 5564
5015 802
4987 1043
4749 1099
4160 5338
3965 378
4913 1784
1828 1565
4842 1354
2819 1993
3351 5517
506 4676
4970 4525
838 4180
2349 3911
56 711
5257 214
1864 212
4918 1596
490 2370
1860 94
3216 2648
3225 5462
1920 997
956 3491
4135 913
2946 35
862 2115
3959 2036
1949 5572
1184 4504
5645 2307
1214 2279
866 2107
5636 4601
1208 2483
941 2084
1565 1076
856 3970
5472 2176
4358 4807
2025 1920
4230 3938
4025 3471
3581 4354
4531 5638
3964 299
1755 4263
1405 4776
5325 5230
1567 3587
2657 4372
2626 595
5646 4726
4644 214
4125 3766
2318 3215
2640 3984
4185 1233
4786 5328
581 4973
4912 50
10 2904
4217 3738
2704 4049
3474 2309
4717 1649
5133 1503
2877 1172
3786 2806
2551 5271
2366 495
4077 419
292 56
2148 1641
2482 334
4901 3949
1885 624
5459 2104
175 1795
5485 1161
4008 4520
2215 1292
546 475
1156 4846
2474 5276
5655 96
2764 1155
1611 1914
989 3840
270 5985
527 737
5525 5132
401 3928
28 2787
2549 5260
2094 3737
4247 5022
1076 732
1050 1183
3665 746
1892 1313
3389 1047
3661 3675
2399 5452
1668 416
1665 2034
4115 2386
5103 5087
1877 3746
3632 2784
1108 4092
377 2424
743 657
1438 1752
2108 5125
5338 3952
5618 1307
5072 2660
5179 5277
2659 4274
4960 1152
3491 1427
1750 423
5625 481
5583 311
5766 2568
2164 2315
2455 1359
2673 249
251 1849
33 3396
4615 2871
4460 4563
1610 2576
2286 1554
4877 948
1658 3560
4798 445
1247 3129
1981 5159
3561 301
1509 5714
5035 2321
2879 5238
444 1068
1428 4854
2144 3924
674 5399
1385 1138
561 611
492 5395
742 2297
713 4672
3752 776
5734 545
4097 5836
475 1614
2598 5511
3427 3030
2011 1780
2625 371
3393 4312
4609 4701
5425 2458
2753 2302
5838 1988
623 822
214 1402
1077 5201
3641 283
5347 4149
4174 3174
3915 2128
5121 1119
2515 4498
1873 4193
5942 2326
2762 2870
5836 5319
4286 3525
4924 1777
5705 3036
5279 4389
5221 1134
5558 5841
875 5934
2606 4415
2075 1165
5939 173
3822 3569
1860 5613
1066 2246
3589 1853
1734 5353
4618 4202
4175 1571
2115 2497
2314 5026
3138 551
3194 2158
1429 2201
3444 107
5504 4950
3474 2522
1995 3291
5493 4837
3260 4559
5390 5195
3686 3089
1631 4456
4754 1374
4445 2585
2540 5080
168 3103
5426 3523
3071 1090
121 4642
5998 3351
1649 5425
9 1285
4761 4708
3581 4
597 656
613 1623
2975 1848
5659 4284
2589 1692
1023 4354
3042 892
5661 586
3447 4659
5754 3409
3530 2738
5535 2861
4423 3882
2057 2213
3543 3631
5424 1094
1063 1289
2310 2835
202 5932
1379 5117
4545 74
271 2916
2922 5751
767 3900
2743 142
3652 1315
4945 4515
4176 931
1756 3656
2730 1395
5340 5251
3172 2002
4392 3904
3723 2695
271 5587
5470 4338
360 1809
2819 871
1646 5920
4887 413
12 2988
4677 34
117 443
3160 4337
3191 451
4180 2406
4849 442
5634 5265
5635 4318
3898 2554
5476 279
966 1508
5546 2250
4036 5540
1605 2415
4701 1364
653 4277
2708 2579
190 2212
2849 2656
2977 4035
3758 1079
2925 1291
2737 826
4381 3180
5852 1556
5347 4687
17 4826
925 1579
3258 4035
1656 396
5848 5402
1683 5457
3898 4225
3541 3493
3185 4712
4513 5008
5554 5342
2888 5102
1995 4806
1535 3201
1337 2638
4804 3938
1433 3901
4171 1582
93 2027
1278 4543
2018 1814
4660 808
368 4034
401 1637
5537 4896
4207 4338
5158 4306
2682 3627
806 3661
2082 5460
840 1456
2461 1146
836 2980
2428 2874
885 3909
5183 5216
3553 3297
459 1906
5740 2094
1002 2750
2089 2544
3011 2289
1667 2411
5484 602
1691 3558
1246 1103
355 2529
3096 5870
4507 2952
1222 1670
713 2632
3475 1991
5150 1186
5725 3463
1607 5982
968 5079
4913 2866
3190 262
913 5122
5861 212
3522 4538
3865 4105
5376 794
4716 1350
309 881
1859 5484
1394 1405
3955 428
625 994
2420 2256
2600 2602
4852 3160
1200 1243
1855 2183
695 4159
4078 3855
1059 512
4557 41
1368 50
2722 346
1996 2934
1418 4963
5016 4460
2118 1000
914 2568
3351 2659
553 4809
1669 4441
4032 1702
4358 1581
4623 1497
93 1380
182 5105
5249 3321
4067 50
1904 4530
4438 2224
1060 2051
5635 1820
2853 929
1304 4237
5566 2345
2800 4323
1828 1586
5303 4905
1668 1889
3199 2441
28 3852
354 2276
414 3184
409 3874
3057 3558
1628 3734
3256 3060
1275 2997
1510 656
4972 4665
3730 3355
2182 818
664 5243
4798 2156
2224 761
1504 5014
931 1549
2928 2162
603 2470
1601 857
1130 2303
5142 5857
5790 1598
1767 65
5603 4302
2214 1923
746 3327
1507 3755
4745 2973
957 4936
2386 2527
5818 1801
2777 2736
5144 2306
2912 83
4356 5823
469 3315
4444 392
2222 1641
608 4581
1572 3969
3678 2260
3134 1967
3855 2393
3263 2622
4267 3829
4451 1577
1924 4874
5237 4590
1058 2893
213 5759
587 3693
4649 2667
2885 244
5425 5997
5870 1436
5551 1443
4364 5795
4423 1042
1041 5474
339 4183
5410 3130
5098 3601
3576 2864
2146 4270
1382 3979
4227 371
475 5339
5870 576
171 2028
5582 4306
521 4236
606 1259
3928 2825
4988 223
4082 4302
2092 1633
1112 1472
2783 190
332 3892
1797 4919
3947 4563
4449 549
5711 960
1565 3240
4356 5465
190 3040
2873 381
5960 5632
4377 4750
4213 4944
5803 3206
3730 1394
1526 2430
3275 231
1417 4637
1112 4595
2938 750
3688 2830
1182 3477
1325 1612
1385 451
55 1504
2902 5528
4534 1532
1304 3913
2330 3772
226 2002
5694 644
1620 3453
1653 2678
1095 35
5475 873
891 5587
62 5815
4815 5137
5670 2789
785 3985
227 600
5623 2660
175 4070
3725 4530
4580 2571
111 1529
5351 237
3786 1396
773 1618
366 1280
1964 1473
4998 5227
5005 1398
5739 5677
49 4618
1510 4780
4906 66
5253 3483
5659 1110
2240 4226
1818 2341
492 2724
229 1479
4463 1756
1571 5203
1429 5354
1821 1635
803 5997
4957 3380
5354 2625
69 2162
5326 3883
2530 4468
5048 2722
691 1268
1801 33
5141 3378
3135 2938
5553 2889
4285 3437
760 2417
3062 1033
4445 279
3434 1634
1972 4090
5796 996
2570 167
3891 1287
4085 5208
696 1667
3901 5768
2783 854
5260 4346
4546 2388
3474 5739
3930 1982
4667 5076
5703 2582
2469 5541
5442 978
5884 2991
1169 5903
5017 3360
5979 5623
2939 1284
2460 5862
852 2890
5611 3002
1127 437
5195 9
3072 212
2271 1112
629 2597
4065 825
4379 1541
2196 5812
4301 2074
616 3641
1336 1685
1487 1396
1162 2994
1502 4339
797 2594
3365 4964
1310 2747
5826 4530
1587 3246
1459 1650
1757 4458
2364 537
2665 543
2952 2560
3213 1237
5714 1835
3618 766
3894 5286
1212 537
788 4224
1154 3752
245 2333
1386 437
4689 4471
1492 5920
5072 3365
779 508
2783 127
5207 1867
3622 1520
5318 135
5847 3132
2412 211
4106 612
4552 1409
791 5368
5034 4293
5571 4877
1010 5961
3999 5071
3114 4370
572 3128
967 659
1780 3186
4812 210
3397 393
4463 2328
831 2437
3664 2844
1841 3335
4727 3170
3647 2641
3709 3519
4246 3771
4382 2912
3939 2899
2782 2108
2705 5988
4602 1656
3009 5099
2752 1786
2431 1830
5969 4672
2754 4445
1013 2705
4708 1590
3056 1748
5299 708
148 255
1064 5295
5015 3715
4502 2010
215 5399
5941 1633
5579 1841
4399 4577
3691 4492
922 45
771 5623
3208 3341
259 746
1435 4618
1707 671
2429 5256
3014 3470
2703 5442
3732 4856
880 1021
1293 2953
5264 5926
34 4392
1382 5517
5990 3441
959 2966
2813 2469
984 5869
3667 207
3870 2602
4624 2763
4451 4997
3595 3186
660 3308
5901 1657
1001 3267
1896 1467
2620 5067
5720 5316
5357 2678
4936 2959
518 394
2887 98
683 1796
4892 2473
2212 831
2296 3680
750 2133
1644 37
2622 628
667 3037
4296 181
1761 2085
3231 2202
164 2220
4462 2005
4745 4592
2694 5537
5562 5462
5337 3611
2823 2910
3783 768
4058 2982
2214 2190
5376 2942
1559 1315
4789 1515
1702 379
3087 400
4515 5880
4206 4010
5103 306
562 1563
1401 1010
4717 345
3482 5897
2970 104
5789 54
3487 5989
2003 184
5631 500
3861 2689
4035 3677
124 3340
5002 4450
3470 528
4462 2725
5657 2340
2457 4615
1205 2533
1544 900
1925 1959
1311 4621
1791 2665
3774 1158
3244 924
4946 2529
3041 1941
254 5706
3967 1264
795 3797
5449 3207
397 4469
5236 1428
2201 4638
5795 772
5012 1341
2676 428
5982 1175
5700 2752
1119 3471
1034 4706
5552 1292
4195 4903
3069 3082
3146 2608
985 4144
5691 5928
2018 2178
5992 1145
3719 1271
3211 3797
4168 718
4781 3121
4045 764
3318 2644
1338 4585
2278 3153
3841 4269
2307 1584
2184 1189
308 1156
4716 4714
4558 3801
342 2388
2509 5628
4637 602
1381 2016
4140 5677
5721 5486
3030 534
3563 1772
3720 1917
3542 1377
1901 924
3481 2632
3847 4707
2068 947
4829 2877
4760 114
4768 4931
4874 2965
2738 2703
1816 2782
297 932
2784 2154
1856 3148
5709 4513
5168 3250
1202 5516
4749 5169
940 3334
387 2380
83 1510
5859 4288
4898 4029
5704 4775
2216 5339
1503 2558
1918 854
3622 2329
457 3086
1908 2950
2146 3578
1130 3199
4836 1495
5560 4596
2725 4387
1139 2088
2441 2933
502 747
5924 111
1334 4952
2863 5654
1339 671
973 2865
107 1478
734 4497
5193 732
5155 5392
3598 1214
3522 733
3207 1549
5837 5894
1520 5007
2270 327
2382 4805
1910 5107
5459 4094
647 143
2814 1690
1086 5623
593 3122
3109 860
951 501
5367 1483
5109 4342
1845 5972
5488 1588
4553 5064
1024 4682
2666 5060
3588 2696
1279 5630
3654 129
5367 1758
2960 552
5785 271
2927 1604
2279 2438
5351 5787
5000 3554
2279 3694
5125 676
5134 5186
3812 817
1389 2719
996 5525
2831 1404
2345 171
808 4122
3097 3242
4970 2335
3413 434
5805 2566
1980 5288
1951 726
1692 1950
5034 752
4650 2102
3798 3565
4437 4408
1967 5559
5062 5906
4056 5591
5306 928
3583 2431
4643 1132
2963 2872
2203 1607
3700 1247
1147 953
4009 4508
4668 4422
1544 5523
748 1298
66 398
835 2038
3884 3243
1238 2642
2598 5138
4411 1973
1493 3786
318 4988
5987 1676
276 5623
4394 487
4526 2
3245 1238
1040 595
1128 1919
946 5567
985 2574
1767 546
350 2641
1565 5198
2257 5141
4100 483
3826 3745
5634 5089
4787 1009
1334 3562
1754 5190
3291 4331
770 5468
1504 3500
3811 3148
1046 5238
2227 5427
5417 3412
1581 227
3122 61
4225 5144
2396 1346
3180 3166
3143 1043
2266 4049
4970 4839
3881 3860
1355 3019
624 1270
3411 4346
767 19
814 894
5161 4279
3553 4758
3871 3768
959 1512
3391 1908
5677 3321
5469 1272
3364 5483
4256 4722
3895 278
1265 1834
2438 3243
3775 4093
467 3444
646 170
755 2448
4850 897
2294 4110
1598 4167
2394 4087
3106 943
4205 1809
380 1654
2322 5761
1054 3406
2407 4112
1401 46
5924 4434
4424 4439
3958 3283
944 1306
4412 531
2054 728
3650 404
2914 3626
1180 577
1346 3139
2597 385
5218 1666
9 1324
1579 4156
3456 3213
4329 4729
2237 1049
626 190
2597 2527
3700 2267
1763 4336
4157 2742
5979 1217
5281 2712
5645 5103
1784 2438
4125 5730
3526 5795
5921 2341
1983 4548
347 1860
4938 2484
3304 1031
1669 744
2679 3407
3034 1190
3822 3775
5776 3586
298 4765
1941 4521
4549 504
4555 162
5645 5467
928 2129
5826 1539
1346 3070
3504 974
5891 5509
1486 885
5002 1183
3622 636
1306 1041
1574 4087
1686 356
4438 5903
1749 821
5388 3412
1187 5917
364 5093
1593 2052
4692 2367
2605 4193
4471 4115
2396 1302
951 4139
5000 2570
728 1261
1261 3158
1507 2768
4824 4900
4889 4431
3802 3908
697 1485
4137 689
1380 744
4535 548
1758 5600
4231 839
375 5018
2510 5725
1067 3344
2199 3648
4119 2043
4650 1707
2077 4340
589 3210
2490 23
4810 910
4981 1401
1555 517
5675 5499
1780 201
3465 4271
2553 3912
1769 59
1296 708
4706 4540
5135 3147
1337 77
2537 5386
2012 5576
4541 1566
3664 1452
3728 4091
712 4864
5292 4817
3818 5543
1896 2891
4061 4436
5594 3994
790 719
3898 5777
243 5097
5433 242
279 172
2530 5562
775 3815
1936 1160
1028 3977
3121 1475
3402 2603
585 525
3496 4467
5066 2402
2226 4406
3074 3654
3924 4958
2005 62
791 3868
2716 93
5192 4704
1550 2130
1799 3879
2191 400
5246 5956
1335 5759
2531 1138
2372 2257
5055 5272
4482 1047
5680 286
5641 5908
4315 2303
3848 1218
5430 3968
1 2308
4678 5760
3365 2588
20 5616
5649 3678
1637 5621
1257 5397
3546 2940
1284 1077
2885 1597
3880 2736
2574 1203
3336 4988
3461 1995
3275 805
1512 5835
5999 4175
759 4069
5213 4031
5414 203
351 1067
1875 2917
1087 1982
169 4113
114 2337
4804 4491
4613 983
4869 5310
3430 4343
5208 1609
2838 4447
1125 5397
2350 5734
4276 230
4720 5619
5621 2000
1263 621
1518 892
338 5171
1622 5947
4580 1229
2978 3642
1504 3362
1725 246
4587 1867
525 434
2242 1832
5092 2839
854 4242
3957 3020
1749 2112
552 1462
2283 4846
4943 2001
5833 5450
330 1519
5333 769
695 3377
4993 3819
3806 3748
5168 4674
268 861
3430 2248
5743 1673
3776 633
2882 5854
5781 5102
5160 5302
3467 4228
5950 2109
2172 3677
988 5240
1482 2117
3597 4200
65 1592
1280 5504
3228 1858
2413 1459
3195 1815
5372 898
1539 2292
18 4789
4534 1013
61 487
4565 2169
3923 2951
4804 3235
5798 3468
1533 418
1210 488
3479 291
282 1761
215 1429
1752 3436
568 1021
3780 1003
5496 892
5455 4520
1347 1870
4911 1778
1795 1587
133 2440
4184 5411
2926 3891
4917 3262
3416 793
2843 5587
1221 5023
3274 4914
500 1871
3733 2882
1038 5339
5925 4711
1631 2688
4561 3759
1334 4190
1229 316
4206 3895
848 2023
5277 918
1530 227
4445 4771
5542 751
2474 4356
4476 2752
459 21
5578 2319
4420 1211
4804 3086
3339 501
2602 4369
3993 3764
2169 4939
884 4509
5412 4022
5259 4285
2661 5335
5954 2252
5502 657
382 5541
4357 3369
2083 549
5376 10
700 946
4269 1498
3258 414
437 2989
1986 332
849 1720
4032 4114
3965 888
4784 1215
1293 292
3646 479
734 1472
5868 157
4078 3636
2645 2760
1406 3773
1391 2201
150 2642
1958 5220
1114 4201
2679 749
5660 4139
2634 4717
3746 1237
500 3957
2106 5089
3883 98
2555 964
1515 1105
1262 409
1304 3061
2028 5022
3045 1352
441 2733
2821 2350
3922 1727
4945 4128
3923 1660
25 2199
5004 517
5022 4550
3941 5093
143 2093
3295 1269
178 2476
5693 224
1878 2341
2611 3703
3878 1798
829 2133
1889 5413
2532 3813
2856 1372
3421 5427
1431 3383
3762 2704
4007 2059
2564 426
259 5930
4897 587
682 1684
5619 3601
2229 5056
4906 3662
1914 4267
2699 3953
3552 656
1624 1845
2755 106
3330 2568
2426 198
2428 446
5543 5803
5442 3191
1951 5406
2313 2414
1659 401
4681 2276
4878 5373
905 2509
2376 2208
2058 2985
2091 3736
3959 4037
5260 4817
5754 1891
3707 1979
114 3687
2758 2127
2196 2404
5755 2499
576 4919
637 4093
3446 3665
5465 565
1449 1755
4762 2093
2914 2773
3369 2949
5303 5903
649 3946
3262 2956
1858 2239
5085 3668
1516 5167
3380 5065
4398 1825
493 3260
3720 4477
1714 3168
1982 4847
1616 2208
3302 1722
1131 5005
5908 1230
2275 1322
3011 1724
581 5771
5047 825
3844 1531
5648 82
1241 3390
2658 1408
953 5270
211 300
3142 2170
309 2772
105 3043
2196 4077
574 1657
2274 924
4800 3774
3170 176
2135 2025
5329 5298
2207 3718
4491 753
5724 2043
733 1911
2154 542
919 95
1385 197
5909 4603
2921 2734
3150 5777
2498 385
3996 3782
584 5267
5149 5582
973 4156
5881 5090
839 267
2886 5923
3395 5672
1640 3406
2842 570
5388 1889
2724 2299
1671 5709
314 4120
2139 5852
5088 525
1418 5429
5874 1713
1246 4477
1374 1054
3463 4272
2179 1284
406 1521
4056 4605
3819 2606
305 1380
4666 1496
3901 5202
3763 3633
4147 105
2338 3431
223 4165
5236 3664
1767 320
2027 4726
1314 53
5491 5861
4443 7
598 3570
2435 1155
5757 1631
2373 3362
5769 1292
1822 5620
5313 1792
4061 3194
1196 1897
1175 5074
4033 2160
3901 3896
4493 912
5394 5707
501 4440
3928 1438
4045 2815
5883 848
1368 2472
5728 2510
3984 5606
5087 3479
5497 3010
238 3489
129 2890
5216 2538
283 764
2927 5313
5916 644
2677 1782
3845 5074
3777 5248
530 2560
5752 4125
2146 3298
2826 3343
4569 1326
1222 5621
4914 286
2480 2391
825 5844
4243 455
2040 1965
5106 1812
4304 5625
3155 2032
2298 1162
606 1636
4110 4364
18 4947
244 4916
5433 2285
1050 5899
1917 3637
4213 1725
5291 2900
171 5212
5079 4543
4481 4891
480 4695
1168 1976
4981 352
2989 3049
648 404
41 2043
3890 3720
2630 4775
3095 4288
3388 5494
555 4334
2234 2374
326 385
4097 5709
5012 668
4669 5309
1632 2867
1525 5913
2770 1694
630 2951
5910 4183
3387 1974
5967 4534
2928 2498
971 3439
118 5302
2681 2970
3865 386
5481 4276
4497 1069
1491 1908
2022 4396
4458 5297
5592 4675
530 3618
3357 4491
1712 2437
876 5557
1009 2228
5881 814
462 1892
2210 5076
1070 4480
3418 4856
732 2071
3236 3588
891 561
3842 5503
5703 1319
5086 2223
4733 2740
4122 1934
4686 998
3043 911
3776 4553
1051 1395
582 3862
134 56
1122 4088
3557 1217
3368 400
5218 283
516 906
2251 3087
1582 335
770 2612
1244 3052
3764 951
2777 1762
393 3485
5653 783
3420 5784
2590 5934
2635 4041
4701 4394
529 613
5220 5657
1314 5498
598 2135
2791 5779
3927 1344
1067 3083
2390 2066
2244 623
936 2689
2166 5751
952 5101
3557 2934
2587 3522
4889 2319
5064 4750
1239 2059
2664 905
1134 2296
1066 2960
1359 852
1883 2641
2208 507
2660 3742
1874 5901
1732 108
338 4900
4447 1675
5917 5668
1223 107
5112 5203
3930 4493
2943 3979
4924 1735
2556 1070
4775 5772
5434 2218
4833 428
1162 173
2237 3256
3622 5914
3507 4409
2389 4684
1076 1889
2078 1755
3689 769
2256 2333
3180 3869
2017 1902
2697 1341
1893 2163
2742 1413
3154 1964
4545 2664
5329 4232
1465 2696
2040 4894
3151 353
1302 3416
2702 2807
1198 2834
4025 189
4776 3300
1156 3111
3188 5068
1831 514
1265 2784
3678 4707
5773 1283
1027 5981
3917 4789
384 439
31 2784
1632 1997
2798 4592
118 4245
2327 1954
4512 3877
1561 257
2828 2436
3842 4589
4412 4878
3992 5325
1223 3692
3364 310
4368 4003
2102 508
5195 5003
5157 2632
1692 3763
4565 2571
1810 3699
399 4035
2277 4643
2075 4379
396 2970
4177 3447
4610 4121
1665 273
1177 5321
5423 2286
4735 258
5795 5844
561 429
3328 895
1389 2141
4563 2434
4428 4649
1934 4172
2224 2429
5446 1099
4218 5827
5818 341
4368 4299
4613 836
5805 834
5798 162
3305 338
414 3974
4538 4902
809 2669
2859 4449
4720 1052
4316 2256
3342 2869
4106 5245
4610 3641
816 101
1205 3533
3246 4764
364 5552
5530 847
688 5227
5333 2667
2109 2633
4879 125
5751 5993
780 1145
4468 2786
3977 430
613 3735
3450 1929
5702 2252
406 5338
2665 1768
277 3236
3486 2906
5704 265
3415 944
5387 1269
3769 4582
1031 4249
4660 476
3610 444
742 92
2379 765
3165 90
328 4155
364 3437
898 2760
3648 5357
876 5036
5283 2716
2608 3670
5185 3418
2579 4232
1785 4836
1834 340
3926 1438
2652 5697
3215 2145
5114 2067
1996 821
2125 3962
1738 5491
366 3577
5952 2324
700 10
1027 1054
4217 1328
2791 1393
566 3245
2055 2204
592 3749
294 5606
219 1090
1527 1146
5007 362
5691 1297
2304 1454
2937 2198
5810 4212
4034 1335
2251 3143
1029 3784
667 1021
912 556
4315 826
5673 5750
5538 740
1628 1276
2238 5638
3590 2318
1041 888
3025 5990
2105 1567
576 5440
5924 4305
3934 2155
579 4252
5266 257
3023 5447
118 3700
4874 1097
4776 4329
4296 4792
3376 1993
2109 4421
3283 2214
1128 3335
824 4011
848 5301
3545 2279
1566 3944
2044 731
4044 1215
4290 4385
812 5285
3791 4256
1068 4240
4700 3054
1720 2603
5178 869
5617 4887
760 2569
876 4606
1334 1416
94 5560
1162 1107
2519 3665
5411 1181
2012 2282
1853 1569
1722 3662
1973 601
5032 3273
5053 2060
3292 2084
3489 4727
2320 4548
2907 2448
5286 4820
3620 1830
1322 1008
3789 5341
3032 756
5437 1497
5469 227
5675 5001
4834 3692
5054 214
678 4346
178 2508
1723 5596
3119 2728
1556 2516
5813 1938
3822 1315
5402 4125
5949 3445
4520 4653
743 2185
1872 2312
407 964
2515 4896
2459 166
1315 752
2303 4141
3157 117
1885 3481
4298 3743
4741 2736
2606 2152
4106 1106
3984 1508
1005 2735
3651 1738
1758 3368
2357 898
432 3236
3870 1263
1837 2628
5851 2511
5674 937
572 1328
5579 4532
1306 4981
5370 1982
5150 5690
4228 4729
1325 4596
4836 5575
1288 3085
805 2473
1652 5470
626 4619
1204 1597
4832 766
1952 5194
4639 614
4208 1140
2764 5989
1849 5362
1947 1863
5276 3711
2899 4864
4971 2645
1562 5027
4733 1437
611 1349
2868 117
5684 4753
1485 5187
3309 1324
2952 2378
3126 1884
1657 2042
1097 2309
3982 4141
3056 2820
1089 3631
4064 175
352 1854
3382 2220
4028 5795
4528 5058
5471 4798
4079 4877
3649 3577
1755 3654
5612 1814
840 2290
5710 1082
4696 5930
2112 2286
594 3659
3893 4660
5825 4078
5253 5991
272 347
4251 4486
372 3881
4347 2418
362 4601
439 870
3891 3397
740 5127
1564 978
2665 5563
3539 2973
4536 1103
232 5254
4032 4259
448 902
578 2073
4288 4198
146 5791
120 3315
433 5753
861 61
1033 2658
4827 5871
4104 4116
4859 2388
3552 5814
4370 3543
1134 4069
2954 4539
1818 919
3893 2189
5118 1916
2030 1703
1035 85
3443 3302
5321 218
3984 3759
109 326
5837 1613
1983 5222
5596 94
4908 5186
3019 2959
4442 4843
4593 2820
4298 150
1815 4700
4483 3815
2643 1781
5437 3234
1405 3772
5722 173
3916 3032
5084 4282
4193 2376
5619 5524
5959 4969
1237 4824
88 3452
5347 3414
3220 3464
794 5256
1262 1948
471 403
1351 4791
3839 2587
5071 5564
2702 5083
1688 1584
2414 5189
1022 5590
5066 1511
212 2253
5315 1360
33 776
3091 4257
3755 4974
5824 3030
2514 819
931 4023
1152 2087
4538 362
5359 3038
2443 1820
573 2879
986 3504
5452 5440
1501 1543
2860 19
3885 1217
3772 362
1568 3410
3662 2848
4181 4824
3244 1259
3135 588
5896 4156
2262 1191
1656 233
1018 3895
1457 2286
3961 3939
3699 2559
3987 3691
2022 2865
1965 2611
3155 1626
1491 1857
1718 2021
5393 2245
4050 1354
1171 1721
3670 2318
4011 569
2271 4407
83 5765
1006 467
3236 2997
1515 4026
2710 3596
2362 832
5769 2479
4957 4895
5460 3224
1706 1189
1723 3158
2463 2410
3014 3687
4179 4725
2752 4713
3214 5263
414 2222
3196 2456
209 4206
5741 4904
2668 4609
1553 4953
3786 3853
3651 4019
2730 1772
1795 3416
941 3986
1240 2482
3762 2622
4134 361
495 5631
3884 4489
4210 2233
4545 3347
248 3351
1217 3939
4287 1187
882 626
3239 5716
332 2525
607 3175
2392 4598
2781 2178
4231 3306
397 2837
1095 1042
3678 2354
3378 4221
4952 4942
5655 5838
227 8
3405 5858
4341 1961
645 1621
2858 4381
864 1157
1817 513
4753 2231
1252 3133
2051 1065
1488 2517
398 2184
550 938
3255 3811
3545 598
2901 2688
3288 1240
235 605
1959 204
5219 3001
5337 415
199 1108
5441 4738
3142 5108
3098 5884
3941 3465
2722 5253
2692 4036
5022 2464
2931 3059
3243 2857
5972 256
2241 5440
562 5804
1388 596
2291 1430
4878 4643
1290 3552
4143 2209
4672 2387
3798 2647
836 1585
4909 4814
3936 5676
816 3500
590 1750
422 318
1867 504
1236 487
1403 3063
5534 1688
5325 4403
2415 1681
4480 4114
4010 5462
230 61
2802 965
1368 4025
1511 839
1866 5017
2850 709
4273 114
2580 3150
5666 1455
90 5286
2701 3974
2115 976
1865 250
5156 1168
1041 1634
1948 3370
16 2955
2596 1103
5561 4601
4042 1609
4299 1572
5086 4708
483 2064
4331 2000
1922 2733
2122 3764
3632 3041
4740 2294
2000 5666
3511 5000
2710 4169
2747 1285
3079 2723
869 3420
672 4042
1436 2812
2362 2915
2682 5441
2652 1801
5876 5853
5105 26
1694 4874
1228 752
5369 2415
5129 3875
3391 3634
3846 5453
1088 2126
1938 4623
1581 997
1348 2594
2981 5543
3727 224
3535 339
373 3667
2839 1868
5626 5390
364 128
986 811
618 758
429 469
2211 4246
809 1976
3235 4526
4729 741
660 5937
4398 1418
2319 1538
5379 1505
580 5858
3701 3224
5660 3846
3042 177
429 3757
4865 1371
4686 2145
1923 5409
892 2571
2584 2672
5340 988
3365 3231
3537 4137
2628 4890
4208 5942
3309 1600
3187 3015
4852 4783
5435 3763
1923 2875
1689 3786
681 566
895 5272
1411 3949
1554 1370
5850 2159
3138 4657
5837 1844
3918 517
4704 2139
3298 3771
5893 5716
2530 1546
2203 1567
2075 5466
2148 1269
4216 1262
2251 214
4451 2244
4005 1410
3356 1659
4215 572
5791 4084
681 2699
5937 1020
3754 3971
2587 216
5748 357
3450 2514
5361 1554
5686 3444
2141 2741
3281 1026
2782 2113
147 5341
4130 1016
660 2245
2984 4959
4041 5230
2210 5678
2003 1078
4600 3644
4196 5878
2337 3626
1363 5704
558 1167
2418 3592
1639 4276
430 173
1642 5281
4662 3178
753 5752
96 2960
1620 1583
217 1927
4351 5332
2796 2220
228 3165
596 1693
132 2461
4885 5459
490 3278
4312 1983
4457 2155
4405 56
200 3644
3798 852
3386 4504
3033 5125
2515 694
839 2182
504 4741
5427 5158
1782 5453
4149 3076
1221 629
2599 380
2782 5207
4063 1024
4187 3024
2991 2587
911 5420
473 1026
4390 3458
5575 4620
1757 987
3242 1875
5221 2585
4050 1468
2100 4182
2333 4547
3933 266
1363 1626
2449 3794
3185 1604
4966 3133
5940 1933
4999 4968
3193 4845
1132 4396
4562 4348
1131 4374
1116 1832
2527 1912
2783 5908
2488 5471
2981 3267
1443 36
2303 1078
5740 23
2308 4947
5777 1256
2507 5287
2313 5400
3884 2252
4292 1936
338 2702
276 1215
4339 5978
1293 2298
3251 105
1641 3888
1045 4572
3472 2508
2212 408
1062 398
721 5684
4612 75
3918 96
396 1508
3291 2440
1399 4757
2750 1401
3601 5855
2072 5652
168 1688
1814 865
4416 3216
2597 1669
283 3544
3690 1847
983 3567
64 3855
3544 1565
3667 1601
3720 67
4045 5705
220 4674
4847 886
4137 316
2899 828
4646 2856
1567 1092
2900 4457
829 1943
4220 1073
4072 3580
5767 1698
1561 4910
5956 3302
1987 1601
1685 5071
1900 3446
3371 4801
2717 5389
3380 2607
2988 2426
1233 947
5880 4411
4573 5826
3284 650
2635 160
1896 1118
3375 2639
5092 1702
5008 4926
3078 3081
4620 192
3726 311
13 1081
5648 4933
218 1184
3162 471
4513 5634
1319 5774
4611 2756
4163 1220
1265 1931
1968 5766
5926 2223
888 5426
3940 4445
5412 3120
1316 5084
748 1750
1848 2594
1968 5798
5236 5720
1062 5627
380 955
1493 4852
1119 357
482 960
2549 347
3369 4011
1700 5960
2302 1752
1305 1931
5428 3055
2422 620
4542 2920
3431 2948
5204 57
1481 1869
1753 3501
508 5784
442 1878
1128 494
5913 5348
3311 201
843 5974
2210 4116
3806 688
662 2288
5839 5246
2584 4120
876 1624
1551 3351
2389 2502
2625 201
1112 806
2649 1823
1246 1340
2599 2711
3712 4969
2152 4652
3709 2959
1591 3097
4992 2419
420 2788
1326 4308
5844 120
29 4764
3082 3379
2060 4020
805 2034
2910 3197
3097 2378
4952 2748
418 1001
2558 4118
2215 1387
1721 4365
5211 2369
5036 537
298 2767
5303 4650
3938 373
1243 188
3743 4673
1486 220
316 3138
802 1435
5462 4816
882 641
1171 874
2412 4660
1956 464
133 3544
3831 3
4537 505
5024 3625
4690 5703
3528 2309
572 5153
1494 4935
4678 2502
1918 5728
27 3687
5895 4872
3554 5345
2834 2756
4194 938
3911 4306
1242 5946
5906 5126
912 3964
2174 5130
4681 5156
2208 114
5193 1251
4376 238
1147 2057
996 2771
1714 2298
1861 812
529 4677
5845 1053
2872 2401
393 2633
5776 968
2052 4244
2234 425
5101 5883
2898 1720
3730 418
3402 4553
3740 718
2372 3565
932 3381
3343 1484
1367 3571
1798 5012
1574 3087
4070 5904
257 1997
5967 5341
582 4148
1388 2809
4468 3314
6 668
2308 1071
150 1468
1482 2880
2106 267
2969 4189
1514 2100
4501 3077
2395 2215
5549 3232
3763 4944
1208 4550
318 4046
270 3774
1457 5443
3787 5689
3869 2760
4320 832
3207 1811
3579 2522
837 2123
1576 2275
715 3947
1128 5162
854 1477
2992 474
3049 4425
2725 5276
3303 1094
983 1578
2336 2064
43 2102
4159 547
1070 748
1459 5575
5782 2582
3021 1188
3387 4399
1785 3928
3190 2954
145 1175
57 2084
5374 5890
2832 759
128 4747
4118 2928
3040 1511
5835 1251
980 69
1556 5549
3219 623
5155 5755
1385 3471
2729 2073
1917 1124
409 2717
274 5316
5823 1478
843 4292
3633 4415
274 5830
165 1176
1706 2802
2307 1895
1171 1928
2940 5642
2079 4228
3307 640
4627 307
3323 2489
191 3718
4585 1244
5218 2325
2299 360
375 5990
3009 1724
5189 2654
2379 2122
1590 1126
1916 4393
2149 1745
5309 3419
1822 3070
5925 1903
3713 2521
2119 4056
807 3607
5293 2925
1224 4258
1652 1346
1548 2449
5687 3766
1824 555
1104 2319
5068 781
1357 1475
3459 2171
2448 1256
5818 4468
5241 5039
2812 3497
2695 1932
1549 1790
4957 4521
2510 1586
3282 1500
1056 4844
172 5222
2333 5431
685 2461
4403 2239
3246 3628
1218 4572
3067 5209
4553 382
4032 4376
3132 1338
1859 1422
1624 4677
1777 4857
2794 5645
4445 638
1181 3456
742 66
3442 3431
2857 2765
677 5843
4135 1244
1517 1180
809 550
5636 2950
384 1842
1080 3476
3041 4583
290 81
4498 1587
5765 5725
1166 5024
2857 5972
4063 1412
312 198
3053 1128
5624 2114
3729 4779
2411 1412
4239 5768
1027 641
2468 4197
2106 833
2908 4685
993 2460
1943 3201
615 440
2556 602
3836 1490
271 434
839 4698
5631 4660
101 5444
1203 5521
2227 2780
4087 3333
5342 4410
2689 2265
1320 3350
1049 1450
3998 4910
2248 1785
3576 1894
1728 3300
3296 2975
4348 2374
1191 155
5881 2459
548 5168
2118 5590
2798 1515
5544 3862
2780 4311
3073 6
2411 3534
913 1044
2688 2702
558 261
5775 4752
3952 1799
5995 4341
5824 1607
1503 1282
2019 2531
1292 2958
2273 5938
1156 3642
1962 5027
663 2272
4187 1140
4267 1374
1485 853
1569 5749
2096 3148
3685 2397
2662 4153
3815 2604
1538 1036
4952 5351
1187 870
1319 2200
1548 3118
605 3744
1622 3109
5429 4702
2375 4060
3280 3889
5605 1012
3799 3067
934 2261
1443 774
218 5940
5754 187
1643 1935
1146 4657
1459 2219
2891 611
3903 1280
2416 4358
499 5442
4639 809
830 3684
2577 653
3807 5800
588 3383
2616 3018
223 851
4210 3182
1933 1691
66 4407
1197 1753
602 234
3697 858
3539 3873
2135 2115
729 5508
5741 5048
4983 5765
24 1194
4325 1019
5333 529
4303 5970
2401 4619
2088 3889
5591 2356
4047 4156
1257 2982
5313 3786
3313 2242
1039 714
2040 1600
1377 2770
3766 2676
2650 5192
2987 3137
318 3380
4253 2514
1698 2197
4163 327
1300 2212
5090 525
3675 4950
1910 945
4911 965
4131 710
5227 1681
2380 4725
738 5907
4868 4660
1888 2147
1571 2362
339 2347
683 1986
1050 5611
3355 4014
1148 590
3140 2254
3276 157
779 4034
5484 3842
4430 4076
5008 3024
907 2425
4196 49
5085 3377
5600 4416
4615 2236
3403 3064
3078 232
1150 1260
867 3209
5706 2377
1574 4704
2028 3209
2689 4128
1744 1401
1612 636
2597 286
1644 2356
1136 307
2810 3538
466 3845
3233 688
2222 1427
552 1181
4870 256
1089 768
2133 2140
4112 4443
883 1906
736 2435
100 147
4195 3487
4754 2610
3817 272
5100 4241
1555 2800
4479 2652
4503 5901
2132 244
5799 1704
1626 1008
845 1033
3590 431
2058 214
1640 1344
752 2116
1119 1494
5052 3437
1552 5510
4152 5874
5331 3859
719 4227
942 5116
4243 3084
4470 5540
3867 1778
3379 5826
2769 143
2628 4250
3372 5866
5107 1756
3304 3195
1834 843
4943 3165
5605 1025
5650 2197
3690 385
2520 4754
1703 1885
5003 5237
5195 4857
5694 787
2168 1551
1459 1720
727 5813
829 1423
4172 2668
3698 1647
5435 42
3747 1528
844 331
3743 527
4043 1027
1828 725
4691 1367
375 5615
5963 5116
3335 754
3809 624
1485 3949
1831 1016
3398 2315
2268 1978
740 473
44 3692
4162 485
2506 4668
5670 4408
4877 4673
1404 358
3608 3410
385 4499
5359 3526
5965 5879
199 4619
1685 3269
4045 3275
5327 3081
906 108
2743 6000
3941 2535
1074 941
3609 2108
1873 3177
3912 4195
4056 1578
5473 1622
95 5960
1662 4205
4345 5004
3009 5642
1636 5913
5632 150
2288 3199
606 1388
3987 5277
1404 2069
4188 3672
4016 323
1526 1962
5493 4913
4784 2652
611 5979
1771 790
2081 2491
2659 4838
759 627
1649 1600
4553 2722
1073 4790
5969 208
2256 3912
1803 5004
4328 2861
5368 3049
1614 1842
1195 596
4171 786
1896 1753
1947 3879
5214 2934
5139 2272
2210 5648
2774 1379
4462 1749
5289 613
1674 5026
2069 3000
4506 2502
205 4564
4615 390
4017 761
1219 2530
2387 2292
5511 4888
664 4833
127 840
2208 5599
1737 3304
329 250
3177 440
4737 1301
1409 1897
5451 4198
271 937
1653 4550
487 2514
4423 1385
5763 5381
1022 891
184 1552
5161 5820
2811 4888
2340 2222
4260 4099
2835 5308
1442 4756
1265 1197
4942 2476
395 4649
3556 4367
2854 2155
1328 3190
2488 4168
885 3331
4021 4015
5492 5354
4952 4497
2187 4813
3429 5715
4476 296
1084 4369
5695 335
4609 3750
1354 5717
1930 2057
1744 4367
345 4426
2489 1480
4139 1822
5105 3014
2912 1895
1250 5660
2283 5079
5334 3729
2956 5062
4391 3297
1372 3811
4538 35
5161 279
5501 2475
2755 1616
3148 2193
1318 284
634 3585
4505 84
3405 5508
5878 1244
4123 2208
139 1272
3796 1499
3521 656
4096 2101
2427 5495
1499 1927
4896 4585
3085 1366
4141 3076
4239 2781
549 2056
2507 5770
4986 5249
2627 3111
5457 3109
2549 2332
5008 2569
1278 3971
843 5225
5452 3468
5552 5848
5336 4530
5376 804
5588 142
2559 1677
3953 4587
701 3943
1861 5897
4950 4335
2842 102
5303 4251
3818 666
114 1492
1642 5905
4532 3208
2405 2830
1716 2779
1899 350
351 5711
2265 4619
1218 2452
1387 979
791 2321
5294 1128
1269 5683
1051 1209
5425 1765
2225 2208
2649 3585
1987 4813
5778 5686
2674 4148
5695 3995
5803 338
1622 5027
756 1445
3598 2225
1331 77
4956 2205
3185 1758
3086 4359
413 71
4487 924
5379 4792
5612 3416
30 5119
894 5611
59 3748
697 2990
2289 662
4412 2343
2174 2405
2379 5771
2739 4913
1218 2020
5219 2147
5978 1987
1016 1386
3968 408
3735 5081
3668 2575
1957 4768
80 1341
4905 2791
202 748
292 1170
763 660
2478 1041
5281 5499
4723 39
3953 61
1166 4718
2561 1215
5413 5225
4006 4304
1525 4571
521 4145
2111 5382
3423 2647
2099 4501
5961 2047
2444 1230
5369 2385
2173 4034
3223 2232
2394 920
3123 5569
569 1033
1419 177
4778 2413
4319 1804
1990 3589
611 2532
3300 3034
5061 703
1378 1703
160 684
2769 1122
2512 4263
5841 2129
2630 2891
720 5002
4878 4119
2285 3179
2640 340
1521 2220
52 2278
5521 1297
346 2401
2957 5781
3784 1790
2716 819
1253 3485
524 1110
1894 4285
5076 5668
4198 651
1133 4182
652 1000
481 3148
3815 5118
4210 5135
4397 5731
3214 1222
5173 3439
3745 4125
3041 5131
939 4339
1201 3530
1588 4674
4499 1244
4318 2597
591 4945
4762 2341
835 4603
3101 4692
3738 2791
3572 5630
1970 2350
4549 2957
973 822
5720 556
328 3822
4183 4349
4699 459
5074 4207
273 1180
1013 1386
441 4996
1358 1038
1099 4729
937 3467
4239 4825
1567 5089
4202 189
2783 4924
3434 2288
5403 1240
3797 1905
1590 1003
5181 4631
4716 3619
3206 4932
2227 5645
651 286
673 1816
1774 5354
4558 3658
5119 2009
4011 4881
3183 712
4947 4380
5908 1363
2705 3563
5951 986
1154 4820
45 5734
5484 1272
5180 3053
2031 2581
4399 84
1084 669
1842 1557
1843 1815
913 1394
3953 356
2119 5256
921 3413
4323 2295
2770 4891
1184 4385
642 4384
1732 945
506 1972
5961 734
1810 5930
4523 2688
3429 5572
3569 2595
3217 2091
1663 1817
3368 2548
3803 2101
3130 5247
5039 3893
2599 3042
4238 63
4671 1878
2650 464
4300 4977
1670 3040
4259 564
5672 1882
2711 1412
1409 5131
1950 4702
2911 841
4392 1703
915 630
1773 867
5919 3221
1191 5511
2210 5852
4864 1552
5175 3050
156 293
2778 5211
4618 3418
4461 4009
2855 2599
4171 5702
5556 2697
4171 2120
2858 3287
3254 3172
5899 3159
5100 1134
938 1314
4852 5759
2925 21
5491 2952
5681 2842
3647 5126
2208 262
1012 1206
1487 3220
5478 251
1627 5954
2457 4798
757 3979
4974 3158
5562 309
1918 5512
1160 1147
3499 4432
5102 1965
1445 4209
4020 295
3755 537
891 5231
2643 5561
2390 3811
3148 5363
2601 1955
1521 276
2545 3674
2113 2197
436 3331
1981 1725
3642 4154
3377 393
4188 4896
2694 350
3404 4771
2167 2909
310 4990
4483 2489
3045 4892
579 566
1928 3779
5853 1746
1302 2718
1832 4536
4433 843
5632 5698
4791 3463
3292 5871
3054 5159
5326 230
2065 4840
5371 42
950 5337
92 5198
627 4199
756 1723
832 2569
2211 2191
1341 1902
2107 1832
5543 3828
5185 1618
248 1882
3477 669
3117 3464
5237 5426
1628 4285
1903 3143
1845 2137
838 4849
4936 3149
2087 2874
3687 303
2093 2084
3901 2002
2337 381
1840 5030
1990 1459
579 1739
980 5065
1104 2588
5523 2842
3412 4106
5723 4365
1034 1622
4985 4698
3772 5908
2564 3469
5575 3788
193 5688
4847 4242
4276 350
5171 3864
4600 3453
2210 3507
3969 907
1519 907
1247 2101
2897 5287
3142 4963
173 553
4140 720
792 2325
5299 5593
5191 2968
3480 3524
2042 598
26 3619
1929 5508
3839 4089
3101 1640
1267 1756
3714 5326
2051 1388
1259 3724
4057 2834
2695 56
344 1452
4883 696
3291 1977
3008 2315
4425 1440
2742 2422
1580 406
3353 1505
3730 3183
5067 5347
2051 3044
50 2187
4469 374
2603 4065
1788 818
1343 2861
1909 4918
3861 2838
1125 5523
809 1901
2238 1235
5131 5355
2050 1100
1691 5767
5339 5270
388 749
3082 2842
4502 2060
1614 4828
5192 2639
1239 1626
5405 1758
347 469
3703 2709
5273 5471
4458 3398
2861 5269
4322 5483
3364 3504
2039 4734
1696 679
2736 4412
5773 1399
518 4183
261 1701
522 1756
3666 1379
4250 3141
2210 177
1312 3023
3327 1542
827 4542
4207 4927
3890 5807
5641 5288
2502 3982
1338 1529
1016 2426
5127 2066
1931 1094
996 2506
1946 4177
212 5300
1021 232
17 5139
2520 939
5999 5792
4869 4205
1228 4617
2036 79
5819 300
5263 5616
4769 3429
2755 2558
799 3908
811 4928
2369 1314
815 647
1910 5094
174 321
5026 1779
392 5600
5584 5220
2847 1019
2076 1002
4958 36
5952 261
4587 3642
765 2546
5481 4255
796 324
4849 5885
901 2918
3874 820
1376 2032
4246 3063
4763 5240
1079 296
5035 1930
3569 3521
5942 539
4714 324
753 1067
2976 3365
69 2537
1810 487
3479 1659
2738 4532
5384 3902
2793 1874
2346 5099
12 946
2725 1227
733 602
889 204
5156 1541
4452 4708
1824 4809
5750 4485
3320 2922
4930 1618
3895 5901
3096 129
5256 735
1346 1873
942 4663
4444 5614
1400 3754
375 4163
4434 1774
3103 960
1503 4512
4268 4476
5270 2106
1894 5692
1979 4815
3101 2260
4207 2825
5479 2589
954 1493
1819 4232
5080 4493
877 5378
1042 1175
1755 1801
5887 5516
920 4526
5355 5467
4023 139
3894 5742
187 2039
1695 2078
1532 2423
5987 5875
3116 2840
3233 1102
3034 1866
5968 2651
4279 991
3955 3425
1031 4148
4027 1516
2539 1871
3998 5965
2621 2250
3767 1999
4283 3215
1454 413
983 165
3866 3811
2846 1017
3268 1458
1032 1456
989 873
560 2300
2162 4320
3716 4237
719 1142
4207 1370
4498 2237
3397 2081
1890 4836
4495 5387
1088 2518
648 1491
4636 3377
4630 4969
2779 3290
5517 4706
2455 878
