6000
100
78
71
27
-6
42
-56
39
106
114
-51
-56
91
-63
-34
59
28
57
82
-6
-65
-47
-113
-17
99
-27
66
96
66
83
-96
11
-82
-72
-36
-29
64
-3
26
107
62
0
107
49
-15
-13
-32
76
-5
119
94
22
43
83
-5
74
-100
104
-30
-114
78
120
38
-20
-14
-116
86
-31
-90
-58
-89
-12
15
-3
-70
-111
-119
-94
-102
-35
-24
-110
-123
9
-21
-124
-36
94
-68
19
-41
-60
37
-51
-1
57
54
-100
35
-45
-40
53
-38
120
-75
109
41
81
-73
52
-124
90
-40
-3
77
72
-117
-21
108
98
-64
-9
-121
-75
60
79
91
40
-63
49
-28
123
112
-58
107
40
-47
124
-14
45
41
56
-24
20
90
101
56
114
-37
114
-57
-32
17
49
-87
-120
-22
-47
-90
53
42
-109
106
-34
-29
-59
40
-117
-14
-50
-5
100
47
-99
66
67
-107
-68
65
-48
35
54
-107
-42
-43
-19
-122
-101
83
-66
95
66
-27
-95
-21
103
-23
-94
49
-113
-24
-18
-26
115
-99
16
-60
115
-34
34
-58
74
96
-97
61
-77
-124
61
91
-6
-115
-14
-40
-100
-76
-106
110
3
-114
-65
-63
-113
-37
-103
100
-31
-55
102
75
-78
78
-96
-91
-28
2
92
-26
43
-15
-42
90
-68
55
-11
-110
-20
42
-32
-101
-19
65
-97
-37
44
75
-32
47
-18
37
-35
-14
73
-2
103
49
84
16
102
95
120
-57
-37
-115
-76
53
12
36
-64
59
-29
113
47
-76
-123
14
-110
4
5
-62
94
-31
-37
121
25
-76
123
53
101
-54
-31
-76
-104
-1
-125
-124
77
-50
91
-112
-110
24
96
121
-13
5
25
95
-74
31
47
60
-40
-110
-103
-34
37
32
-98
90
-92
71
59
-105
125
103
5
72
23
-23
-76
95
63
99
-47
-91
123
123
-71
-51
-117
51
34
-108
85
-28
29
-35
16
55
91
-40
-103
99
-52
117
-5
-94
6
88
68
-97
41
94
-2
7
-85
72
-59
-5
-22
-83
72
110
-113
54
-66
38
-99
-35
-56
97
-18
-61
17
124
-6
-121
-40
38
-45
43
45
113
-92
-112
116
-74
-74
90
74
-50
-91
102
-101
-110
40
23
98
74
-92
-35
16
-68
-6
-62
-32
-106
19
-124
22
76
-86
-112
-41
-110
74
27
-92
121
125
28
97
24
-10
-50
12
117
-71
-1
106
-79
-28
-54
-64
40
-62
64
-102
-93
34
8
82
23
65
-39
-45
45
-116
124
-3
-56
-4
62
64
-54
91
-100
-97
101
8
-43
108
-34
-19
19
75
-101
-25
86
97
-49
104
76
-23
26
-15
-39
124
42
-8
57
-65
-49
-101
-108
-113
-97
-118
6
-106
18
94
-43
-30
116
-101
-5
-51
-109
-92
109
23
-76
122
-51
10
-123
-124
84
35
-21
-99
51
41
-102
-51
54
-65
79
-47
91
-71
82
-120
-80
-94
45
-5
95
40
-104
80
-39
-86
44
-82
39
-120
-14
-78
111
-22
-27
31
-20
-42
-121
49
-59
-70
36
-119
-121
27
8
94
13
-19
64
90
102
13
111
-100
-121
-96
-117
20
50
89
-38
-22
-41
111
-88
-123
15
41
79
55
86
-36
-2
-117
78
-57
50
-82
16
106
-112
-32
92
-63
67
-49
52
69
64
-1
1
122
117
-4
20
-106
-47
-8
-111
17
-7
-25
104
-67
-43
-80
20
-80
-62
75
-46
-117
117
-31
-65
-48
114
-62
-90
-11
61
-77
92
65
-15
-62
69
-38
-114
1
-121
79
95
-39
-3
-8
62
-25
-5
3
-121
40
80
86
118
123
92
25
74
-88
-111
52
35
-27
-75
106
32
24
105
64
46
-28
81
-121
-79
13
-122
125
69
1
-54
-119
-108
-112
1
17
54
33
13
-117
-27
-19
31
-73
27
-42
61
30
-55
-17
-13
30
-101
-87
-10
-78
98
-89
84
-67
-82
1
-117
-64
62
117
104
-16
60
113
-120
81
-75
-35
100
-75
-38
-12
-67
86
4
27
75
85
-66
-89
35
84
114
-75
-53
76
45
57
110
-79
-54
-70
-32
-10
-25
96
-108
18
-6
79
112
27
-79
92
98
8
-88
17
-54
120
19
79
97
43
-29
-32
49
-7
39
-84
-9
-86
83
94
62
68
112
-89
-74
-52
58
47
-35
18
7
11
-38
106
125
72
70
34
-69
-93
-64
125
-50
-65
83
-97
13
66
-86
96
-68
53
-63
-107
-64
-74
-74
111
-2
77
8
77
-47
64
53
65
-90
42
-5
33
-33
-110
19
94
5
123
75
-54
98
-117
108
16
-66
-46
58
-52
76
61
-122
69
93
-90
111
28
38
-13
22
30
-36
41
49
124
82
12
-10
-49
-95
58
-60
-72
-80
98
63
-84
90
-100
85
109
38
64
61
124
14
24
-21
-115
-102
-44
-20
111
-18
77
-111
-63
86
-79
34
-91
-79
51
-24
-88
-73
106
-20
-89
-10
29
-73
32
100
-103
69
38
106
16
68
-78
-35
110
-62
39
89
27
-73
-68
87
-41
-121
-80
111
125
44
-97
-104
18
73
77
-48
75
-7
-72
60
29
37
-77
27
-121
-33
104
78
-108
91
100
18
7
-71
48
-40
-71
73
-106
-104
109
50
27
-73
109
-101
-47
-32
-83
51
41
123
-63
-81
-120
-61
94
-37
13
-68
76
58
-27
-68
-87
27
56
-33
52
86
95
14
-98
74
-125
0
121
33
-48
-105
85
90
-105
-11
-117
50
-29
-71
-82
-20
-74
-120
94
-86
-83
84
-9
-16
121
-92
13
-89
-118
39
-32
-117
-115
92
-16
114
-75
-97
-52
125
-93
41
-71
-124
107
-79
102
78
16
74
-38
-20
39
-51
-121
14
-63
-53
25
18
-31
-116
112
-83
99
-28
47
-40
98
-23
30
-19
51
-119
-13
90
22
68
-102
124
119
-97
-91
51
19
69
3
103
120
-73
41
120
-86
-111
12
-113
-100
-67
120
49
-94
101
109
30
80
-92
-112
-26
105
58
46
-101
105
34
81
78
-62
72
-29
72
-52
-64
-70
-94
106
32
-120
117
-107
-103
92
57
25
-64
-55
-44
-84
63
40
79
38
84
-44
-94
12
-103
60
54
64
41
87
-97
-38
84
114
-26
-62
-58
26
-100
-87
59
-7
67
-46
-16
89
-36
-124
8
40
44
-5
-101
-1
-15
-92
-27
-104
-99
-124
-108
116
3
5
-2
115
-66
-2
114
-72
-79
-125
18
-18
92
-72
-56
45
98
56
88
-75
30
-115
-38
-62
-118
120
-42
-82
-3
119
-113
106
-63
-49
102
-15
18
106
102
-110
-31
-49
120
-7
-42
-104
-6
-124
58
-5
29
-76
11
-57
67
-62
-65
-61
122
-56
98
82
-42
88
-120
94
-75
-120
83
72
-60
22
-78
-20
-108
-73
38
-70
-11
110
-30
104
-57
69
4
26
96
-106
-25
27
89
69
49
-43
-98
103
-42
5
-67
120
-84
-110
113
30
44
107
-29
99
106
42
31
-87
7
118
96
-10
-45
-70
-117
-37
58
-38
-84
-35
104
-15
-30
-50
94
41
59
101
124
71
-83
-6
96
96
37
-98
-109
-24
16
-32
42
10
-90
103
104
-36
-32
-80
125
-5
-118
-115
-56
33
112
-60
18
87
54
-90
102
-55
16
-87
-78
-96
14
60
52
82
62
74
-57
81
-80
-83
-111
123
84
-61
-48
16
-52
-5
42
-74
-23
115
-11
-54
30
-61
-76
-54
-5
-3
8
21
11
93
14
-60
-124
40
-34
23
90
91
23
25
84
-73
-47
84
94
64
76
119
83
25
-16
-46
29
43
98
106
-81
-11
56
77
106
105
-95
73
-17
-90
65
63
14
-97
-83
116
-7
-61
38
65
43
24
-12
112
94
121
95
114
-48
-120
32
54
-85
116
-92
8
57
113
-101
14
-121
-99
101
94
36
-85
-109
-38
-73
12
-48
81
67
115
42
31
-72
-30
20
70
108
-63
89
24
112
113
-9
-103
-106
122
95
-17
-124
-64
-114
-98
-72
-123
-60
97
92
81
54
58
-70
62
64
-122
92
15
-18
-87
-41
-23
-76
-43
-98
114
116
-8
7
31
-115
74
12
87
120
-32
-39
4
-121
125
-109
87
-30
-69
55
-16
-103
69
-8
-45
17
103
-32
-108
-13
35
-46
97
67
73
-36
90
-20
94
2
68
-29
29
-53
-75
-75
26
-43
72
55
-37
20
-12
-44
-88
63
114
68
-99
-112
-36
15
-102
-26
-63
-124
-26
105
77
-121
62
-54
-55
108
100
-79
101
115
-8
-40
-3
-3
-101
-99
72
-33
-91
25
70
27
104
-30
-61
88
42
122
-93
-60
-98
-124
9
-11
121
-36
-71
-53
29
125
-48
23
67
71
-82
-107
66
-69
-51
63
74
-60
-86
-78
62
-103
-107
-83
55
56
14
125
-110
-91
70
-57
-10
59
-13
-123
8
17
44
-95
27
25
-96
-95
-69
111
47
55
-35
-43
108
30
-120
71
41
55
-121
-26
-4
-46
93
77
-4
6
-14
24
99
-100
58
105
-71
62
-23
8
-82
-11
-4
-38
-65
-66
-91
65
7
-39
86
-63
112
-69
57
51
16
-120
-7
48
-13
121
27
18
-50
13
-17
28
-59
-7
121
-67
43
24
-73
27
61
122
-60
64
67
77
121
-10
-49
-68
-48
51
-33
14
57
-124
-64
47
17
12
-74
73
116
-33
14
-32
-103
-111
99
78
-75
-20
122
-33
-81
96
26
120
-41
54
-79
9
80
49
120
51
-33
107
-100
-26
73
-48
-19
51
-67
79
-5
73
97
78
-63
1
83
41
-81
86
-32
-112
106
59
106
-91
-116
-117
119
-40
-4
-39
-113
82
-100
-3
23
-37
104
-87
-31
84
-74
-66
-54
14
9
81
73
35
84
74
11
11
-76
-51
97
-54
-55
-24
119
40
21
-90
-74
-62
36
-89
-68
-107
43
101
36
63
62
-116
73
-58
-67
-86
50
-29
-90
45
5
95
86
3
-89
-37
97
-22
120
-121
75
-47
-28
-105
72
34
-33
70
-108
51
-20
30
-41
-116
40
28
-73
-15
111
105
-117
39
73
-29
-50
22
-103
24
-40
34
123
-1
-15
-112
82
104
-36
-119
118
107
31
-50
63
-32
-20
101
-102
-82
80
-114
-116
97
-47
29
73
88
-87
52
71
81
-65
-33
-48
-107
15
-33
-70
122
-118
-121
-2
119
-42
-42
-59
67
62
13
24
95
-99
-40
32
-10
-14
-87
-125
-47
81
116
2
-12
-25
7
61
-80
96
97
-90
4
50
-97
-65
10
47
-43
78
100
-29
122
53
-9
-27
21
-10
125
62
-114
13
30
90
119
46
123
21
59
-4
-47
35
-89
36
75
-120
100
105
50
-74
104
-60
21
-88
106
-52
107
-64
-119
121
59
64
69
-81
117
63
-61
59
-119
-95
99
21
2
6
-122
-15
64
-24
66
-104
-43
-14
24
78
-81
9
96
22
-85
26
79
62
58
67
-103
-38
103
20
-43
94
-94
65
-110
-28
-108
-54
-11
108
-27
-117
54
-66
39
-12
-42
-94
14
-40
-120
48
-21
-10
-106
121
108
-29
-33
-114
-60
-37
-116
96
20
99
-6
-27
38
49
-43
-81
48
109
-115
57
-108
-49
-106
13
-42
66
-75
36
-75
-54
113
-1
-10
-19
49
124
-56
67
-18
65
42
-40
32
-79
27
-7
-5
83
80
53
-79
-50
-110
17
-97
-74
-102
-118
-13
99
-32
44
124
-46
119
-9
94
3
-30
-61
-66
10
-53
-6
-78
-21
-50
-10
38
-76
-122
-8
-48
41
56
87
83
-94
-21
92
-108
57
50
-80
45
-114
63
112
120
20
-15
-114
-52
105
96
32
123
-96
-62
99
-119
-83
-112
-18
61
-37
-112
69
-114
44
22
17
-106
-29
-101
-55
-125
-24
27
117
-89
-48
-91
59
92
-57
115
76
-93
-80
9
-89
-18
90
-65
17
-104
67
116
-6
-29
-66
124
83
-99
-24
112
20
67
-38
-17
-28
-42
106
113
118
-94
38
-72
62
-19
98
81
6
82
-113
-87
-81
14
50
2
16
-100
-19
-14
17
1
-57
6
59
115
-27
-75
-6
-97
-41
55
-45
67
43
68
9
90
-28
50
-33
-29
-125
52
90
57
-15
63
-68
75
-20
-6
-12
98
-20
53
-68
77
-54
4
-108
96
-96
-104
-111
-27
-104
-30
124
-117
-50
-101
-111
49
86
10
-18
-87
-118
-9
-87
-108
-105
-88
106
25
-117
87
72
-104
74
1
-22
-103
-44
-115
83
24
-24
120
-84
105
-122
-47
-10
-86
33
82
102
-49
-12
-46
-111
-1
-3
-107
55
-117
-39
-80
116
15
103
107
114
-122
119
-28
92
88
-107
-32
-27
12
115
-40
-7
53
-75
-34
-81
52
37
73
22
16
35
-8
-62
-22
-42
-75
-13
-41
64
121
-10
13
-56
59
74
35
-23
-73
75
69
91
-81
-5
82
111
110
98
-84
88
29
10
-77
-20
-78
-41
43
107
-95
-18
29
15
-93
102
-24
-115
23
-7
-20
-76
-11
-64
-108
64
8
103
-42
-2
115
-38
-75
74
8
-103
-53
-82
8
125
105
13
48
15
-28
48
-55
21
77
82
55
21
15
-13
80
106
-82
77
103
67
-116
111
-10
-58
-26
-22
96
124
-73
-119
113
107
-21
-55
81
13
60
59
1
-17
100
47
-65
92
89
-49
-106
-70
96
-50
57
-14
-77
-57
-122
-117
-63
70
15
25
-50
-95
13
44
-86
-40
97
23
-77
-50
93
-32
97
-19
33
-80
-102
-8
123
-51
107
-100
65
-31
114
106
57
-43
-41
32
-108
-103
76
85
88
-100
88
51
114
-13
31
67
28
-47
52
-14
29
-67
-108
-19
112
-108
9
109
-7
44
-99
-122
92
-112
-27
-54
104
97
-25
41
16
57
-9
-78
125
83
96
12
112
-65
-125
-38
-31
89
-11
45
118
66
69
79
-64
-77
-93
-40
-62
118
118
-56
90
48
-48
43
-8
110
21
41
-38
-117
107
54
57
24
46
47
-61
105
-32
115
-110
-34
-47
55
-34
17
50
79
42
1
73
-81
-122
-14
-100
-89
95
-44
6
63
-113
-52
1
-119
-17
-42
58
-23
25
72
108
18
-26
7
-104
14
-58
-56
-55
108
57
109
61
90
64
107
95
113
-52
-65
-49
-123
21
118
-38
101
4
-110
111
114
100
-76
-92
-3
-91
-24
65
-102
-26
107
96
1
84
65
-17
22
-36
-1
37
58
-104
76
-97
-23
-64
-58
34
76
-108
-86
-55
-19
40
-91
-106
78
31
32
26
-26
-39
117
-24
54
-71
-68
-80
22
99
-100
112
-115
102
98
117
65
-91
-106
-102
-27
-61
64
95
-110
-104
119
-74
91
-83
67
-85
19
-82
-107
61
-82
120
103
-118
107
-36
-105
39
-44
-27
-66
109
81
29
-69
71
-6
70
64
46
-48
-52
14
85
-16
-57
31
48
-116
57
92
69
118
114
-118
34
-108
95
-37
-73
-5
76
-64
-35
-74
-117
18
64
117
3
103
54
-99
37
93
-24
-98
-21
-51
30
25
-68
-38
58
-49
118
70
-6
-43
1
93
-32
-102
-29
30
64
-8
102
-124
-109
-11
65
36
50
72
-46
-52
-70
-96
-86
14
10
-10
22
-72
-29
29
-10
-37
34
6
60
-106
-11
117
-98
-55
100
105
39
-33
-75
43
14
-94
60
-13
-6
-41
-116
-80
70
-121
91
-68
31
33
-28
-13
-22
-10
-6
-73
70
102
66
109
-31
-123
-56
-10
-112
-107
11
124
-6
-24
102
67
-9
-14
28
73
-12
-106
29
103
29
54
114
-5
119
107
-106
-13
-105
92
-3
-115
-71
-62
102
-76
45
-118
105
-26
-112
-80
32
33
114
12
19
15
5
-42
125
-37
99
29
-83
5
-55
95
19
25
-97
-22
55
-121
87
-48
-59
58
-35
-83
-64
2
19
-10
3
-20
12
-58
18
-70
-22
-91
-122
79
98
28
-118
-3
13
-73
-3
-109
23
19
34
-110
-36
-90
-37
-111
-29
-6
69
36
-53
18
-44
106
-106
2
-70
36
-104
53
-51
-116
-76
81
28
-106
33
-119
-28
-123
-4
95
-72
-64
-97
-93
94
-5
-51
-22
66
46
7
-1
12
-48
64
-49
-3
101
43
109
62
119
64
-112
-41
-9
98
-28
42
7
43
-43
2
-123
106
64
105
74
-14
106
-37
-77
78
-105
-27
3
-94
-54
-15
15
-53
-125
-45
30
-21
113
-84
-115
-41
-32
99
-119
-30
6
-118
-67
-72
-34
6
37
31
10
46
112
-106
108
69
2
125
104
107
111
-93
91
102
80
-54
85
-22
-43
-113
-8
74
114
-100
123
33
-88
-115
5
-97
120
-65
-79
94
-75
-10
-48
71
-95
-102
-41
-15
-110
17
70
100
78
-59
-19
106
3
-101
104
-34
3
43
86
49
95
-13
34
54
72
-59
-121
1
-16
25
100
-70
19
105
35
-58
-28
92
-69
115
-89
55
-122
-16
-34
-57
-80
42
-27
-53
47
-110
15
39
-65
-82
102
-37
-6
-6
-37
72
-118
28
-28
76
-28
48
-55
-100
98
-6
89
55
110
-66
92
74
-119
-92
-88
114
27
125
101
91
83
-22
108
-107
-91
-37
44
84
79
36
-92
-19
60
-106
-11
-66
-45
12
-30
-91
-121
1
21
4
122
78
-83
-8
-56
70
113
-14
-12
28
-114
52
29
-6
75
34
-75
56
-93
-59
71
-1
-109
-20
-34
-15
102
87
-122
-51
-76
-7
-38
-9
75
10
65
-123
-74
-72
17
-95
-78
-18
-9
58
75
51
-33
-107
36
27
63
36
32
-44
-13
22
-69
96
79
70
-82
-94
29
20
69
22
-40
-27
89
-62
88
-98
73
-43
80
102
-45
13
-64
98
98
-77
76
-70
124
50
-1
73
91
-81
76
-11
-15
-97
-87
-38
-89
-118
29
118
89
-104
60
78
-116
-79
61
68
-67
-24
119
56
84
-7
-116
-82
-119
-6
13
80
64
-6
84
79
50
-110
8
23
98
98
60
70
34
90
119
-81
29
-88
101
-103
120
107
16
88
-4
49
74
31
-33
-6
-23
-36
-67
-44
-58
74
-67
-46
-103
112
1
60
18
-26
-51
-64
4
120
23
-58
122
118
-71
-24
-69
-83
-87
16
-90
114
-66
70
59
28
-94
55
23
-43
99
-97
-9
-99
-97
-45
50
-77
55
-100
-107
26
-36
-51
-106
-110
-102
-73
-4
83
13
-2
109
-82
93
-8
-24
-89
-10
79
42
71
89
-22
5
49
-125
79
-25
33
-61
55
47
25
71
96
109
-11
-108
-38
-105
-83
72
-40
93
-101
-31
-91
-1
-88
90
45
116
92
-70
-63
-20
-52
-73
-97
-18
117
106
-97
-92
73
-115
25
55
48
58
-39
-110
-69
103
-92
44
-107
74
-96
1
8
-87
54
92
111
115
37
12
-48
-85
-120
22
36
6
82
118
55
-60
-86
-86
59
-91
-61
-67
64
58
-15
-72
98
110
-82
-117
-36
40
-87
-9
-87
117
-62
22
-23
-92
45
-85
77
-43
-28
114
8
116
-80
-118
-123
-95
-43
-108
49
14
99
60
-40
58
49
-99
5
13
-123
42
-78
-9
75
-15
70
-11
1
104
-68
-56
-112
-86
40
117
-77
111
108
59
-43
125
-91
-106
-68
9
125
45
-88
-52
-20
-1
41
7
33
24
-103
-20
6
-74
-64
-75
-116
-103
26
117
72
-90
-19
-53
-40
116
13
15
11
-26
-43
-6
33
5
35
46
-28
105
-25
-3
-87
106
17
-26
78
-24
20
-47
-12
2
-62
117
-96
-100
17
64
124
14
107
-86
99
105
97
-33
-62
12
-65
-6
-60
32
-98
41
43
-27
-101
38
9
-32
-45
-93
106
-26
-113
119
71
-21
-11
51
55
111
-8
-48
122
-17
27
-110
117
62
42
34
48
-2
70
19
-77
-60
-55
-68
-49
-117
-52
14
14
-52
-8
-77
-20
-113
-4
97
-87
17
76
-117
-67
73
-42
121
-71
-73
-62
121
116
19
-124
65
-83
80
-64
85
-17
3
20
101
73
89
2
2
-3
79
39
-76
-123
41
-123
-32
92
20
-30
0
12
-61
-45
123
53
-15
-50
76
-2
19
36
-2
116
-47
-109
-90
27
5
102
13
-85
-7
-20
101
78
-8
95
-47
59
74
-74
-10
-55
49
80
-123
-101
-2
27
-45
112
-85
67
-108
38
-9
122
-100
-40
37
-32
-56
46
32
24
94
52
-11
59
6
89
-32
81
90
86
35
68
23
12
-101
0
-21
91
73
120
-100
-44
82
110
-54
89
-33
51
-28
-72
-52
46
125
-76
43
98
-22
28
15
-23
30
-125
-68
-53
-112
64
102
122
-67
-125
-41
57
99
-81
40
67
22
-10
110
-46
77
95
95
40
-97
-70
82
-30
-59
100
-104
-3
49
-111
59
14
-9
-5
-106
-16
111
-4
-11
122
27
-123
7
-68
109
103
-55
30
66
-82
-81
62
-79
53
-45
67
-121
98
10
-116
123
-71
-76
-52
-71
89
4
-118
-99
1
-81
79
-112
102
-2
-42
110
88
-36
-77
76
-73
-24
119
-95
-2
40
25
106
-122
-36
-76
-104
41
-94
86
-10
4
55
37
119
-84
112
-13
-32
-125
-123
9
113
105
-42
-89
44
105
-111
79
90
-118
109
-88
-14
95
-8
13
-27
-116
-34
-104
11
-118
87
-83
57
13
49
-101
-124
-34
85
-11
-123
86
-110
-70
99
-53
46
105
-57
109
-11
-69
-125
49
-125
113
-7
-22
-71
32
-88
-118
35
60
-117
-103
-9
-111
0
-121
-93
-83
-79
-113
4
-91
-78
-116
-92
105
-31
-98
-98
-111
-5
2
-64
22
-35
89
43
-25
-89
-49
25
87
51
-48
7
77
107
101
-102
-100
-116
24
47
75
48
50
-99
29
43
23
12
54
-57
-109
-96
-7
22
68
-4
30
-55
-119
56
49
-33
30
-55
-63
-36
-116
19
83
1
123
100
-105
-76
117
-64
-61
-91
30
-36
48
123
35
-113
3
-85
43
97
-4
0
-46
-49
-4
80
95
-65
-9
83
25
20
-26
-70
-104
-1
-113
-58
-113
-89
100
74
69
124
14
-38
117
117
92
70
112
96
80
7
71
-117
-94
89
-29
24
-108
-115
46
63
60
-49
79
110
86
-45
-78
-89
-23
26
-108
83
116
17
63
-16
2
-19
-17
112
119
82
122
-98
121
-67
-18
-96
-48
-13
76
74
-26
75
-8
-9
-6
96
20
-103
99
-75
6
17
38
124
-109
35
89
68
90
-17
110
35
90
-9
17
59
61
-66
113
80
110
-63
-5
-38
-46
74
-37
-13
46
42
-119
-109
22
-3
6
56
25
-116
-3
-20
-88
-109
-69
2
112
10
-48
-79
1
-108
87
-66
22
3
72
-106
-107
91
-76
-109
48
4
8
79
-87
96
109
-84
65
1
-16
-121
78
-14
119
61
6
-108
-106
121
-43
88
-3
98
4
107
-5
-91
-11
81
-7
-76
113
18
-91
124
17
107
-26
-114
-71
-49
10
47
38
60
90
-48
-95
-51
-35
-31
83
-29
94
109
65
-67
5
-80
28
-47
-85
117
32
54
84
-53
52
-59
116
61
54
-99
-16
23
-58
-90
-79
-117
-15
-51
35
62
1
-60
-99
-106
-23
-120
-68
-16
-92
-78
72
-10
115
46
113
68
74
42
67
1
-34
-21
-93
-5
-86
32
-66
-111
-63
-11
40
-113
-25
-106
101
124
-29
57
82
119
2
120
111
-70
-13
53
-79
13
24
44
-120
-69
-42
-62
-23
-115
-40
58
-7
59
72
39
4
-102
100
42
-21
-8
69
85
-89
36
66
-40
115
90
65
67
-116
68
42
-25
16
-68
5
-31
97
-14
-25
43
97
-107
50
31
-124
79
-4
96
31
-88
-32
-115
-97
21
-33
-1
-115
8
83
73
78
-85
65
10
-71
-27
-81
-114
-107
124
-89
-42
-100
-113
-98
-116
-4
32
-20
100
84
98
26
5
-57
30
-66
-38
-94
-56
-71
39
26
-29
91
125
120
-102
10
-33
-80
85
-2
-79
-60
60
-74
93
-8
125
-106
78
-102
90
49
-24
-84
92
-82
-120
-93
-42
61
-105
-15
23
28
79
83
-53
-77
-50
-17
-38
72
-36
-111
-102
74
-112
-35
-45
-86
-114
118
121
-111
-120
-4
-71
119
-72
-114
-40
110
-101
-93
-108
-42
49
108
-41
-36
-52
63
63
81
-98
99
55
23
101
86
42
-12
25
15
-24
-61
-49
-29
114
121
61
-112
5
4
69
62
-1
37
-30
118
-63
1
38
-47
84
-55
82
-109
-82
86
23
-5
116
-123
-115
-89
19
20
108
80
-50
-45
13
-49
111
-40
109
-34
-94
-48
105
-83
79
-55
-18
88
99
112
-97
-91
-115
25
47
38
51
-111
54
-105
50
19
6
-125
-86
67
-60
-116
-17
-123
-14
41
51
-81
-52
106
43
0
81
-61
75
-29
25
-97
-47
-105
54
-102
-17
30
122
28
64
-19
-98
24
80
-40
53
-96
48
107
-33
72
-122
35
77
-86
-69
73
46
-69
103
52
46
30
-56
-91
-4
-64
-83
53
-15
75
-7
15
-98
6
-87
-90
67
109
119
15
-31
-71
-20
-40
-41
73
122
88
-12
-13
5
-121
74
-33
-12
118
66
11
119
-40
-64
49
100
-116
-65
116
121
57
-22
-110
-3
40
96
-88
-94
13
96
-125
-18
-77
70
71
2
-71
-117
49
-124
-24
54
47
-27
91
-66
95
58
58
-56
-104
-63
-104
-21
3
17
-93
-88
72
-7
101
16
-23
-91
113
77
121
-40
-29
-82
-32
6
95
101
34
-123
-60
107
-125
12
-92
-79
-68
86
-100
14
102
112
24
-116
-5
83
-125
58
53
-97
5
32
-85
94
89
40
-13
74
65
-80
-67
-15
-44
-27
-11
41
-14
8
-78
20
-76
-52
-108
-119
-25
-112
-1
-110
102
-49
71
-123
105
8
-91
124
0
-23
87
106
-32
-8
51
72
83
113
114
31
23
32
125
4
50
65
-66
115
26
65
122
3
-97
-43
-117
49
121
114
57
-82
35
-70
-69
43
-24
91
1
36
-125
106
-114
-57
68
-77
-109
12
104
-73
83
69
96
-97
-56
-96
40
30
-50
-125
-87
-15
102
-31
-120
-36
-68
43
55
6
-11
58
23
92
51
43
-67
96
22
-89
-114
-8
77
-89
-55
78
-90
-77
109
104
74
92
27
42
-97
-114
114
65
42
-49
74
102
60
28
53
-123
122
61
3
65
43
59
85
24
-76
30
-34
29
52
-76
-47
-55
4
10
68
-107
18
41
5
-3
72
31
107
115
-42
-104
125
26
20
29
-27
33
21
89
108
65
40
112
1
19
-63
-109
26
-36
59
-3
51
-116
71
63
103
-28
17
-106
20
-28
-121
46
-13
42
-64
-105
-52
-12
-90
125
114
78
-28
-103
-63
-91
29
-69
-108
101
-60
-118
-84
75
45
-48
37
66
3
-39
-31
-28
-3
-57
-91
-62
57
-13
-42
-54
91
46
-19
30
-100
95
-21
-87
-65
47
3
-37
94
-63
63
120
-32
-31
75
-88
-98
-49
43
-123
46
-9
-3
-79
-111
-119
104
69
-107
-8
90
85
-62
-39
95
-20
-94
-24
-106
-60
11
99
15
-86
115
109
93
64
19
-90
-108
-88
-36
124
-34
62
20
-103
-114
-18
-9
88
67
45
-83
-29
73
-117
-21
77
99
-46
-47
-121
3
-72
-64
34
-57
-60
-100
79
-60
-75
52
-78
55
-8
110
-119
-11
24
-110
-124
10
-3
-9
-123
-97
-116
-83
-122
-102
-21
63
9
-64
118
0
10
112
-70
117
22
-54
-24
37
66
90
34
60
-104
-90
-6
52
-25
-7
83
32
-104
-44
93
-62
9
50
-2
4
-119
-123
38
23
55
-81
40
30
-31
-59
-48
123
-121
6
103
44
-57
-59
-47
25
-78
-113
-51
-19
-65
-55
82
-45
-35
54
49
-16
83
97
-44
-3
63
74
83
113
119
20
112
75
59
123
-54
6
-35
-86
15
59
-124
99
-63
-112
93
-39
24
114
4
26
62
-68
-89
16
-122
-45
-41
-107
-98
17
-32
-43
-73
-113
-53
97
93
-66
-44
-21
-62
-6
-19
80
5
-37
-96
75
-59
118
-83
-61
26
96
-54
98
23
-120
-121
-83
-14
118
96
70
-30
117
-18
83
101
-77
-11
-61
-103
93
-86
123
-56
-71
102
124
-45
125
92
-122
-43
-32
4
-102
66
118
-119
73
-124
-5
-121
104
-87
46
2
121
-78
114
77
53
-36
10
87
14
49
37
-38
125
-77
44
-77
63
18
62
43
104
64
-33
5
9
9
-51
-86
-16
-112
21
124
-51
65
-108
61
96
38
51
31
-98
33
-87
122
-114
5
-65
-45
-88
38
-90
11
-9
-106
-99
-87
-13
14
77
73
-72
-95
-22
-98
-35
68
-63
-54
-68
1
-118
64
-91
-107
-17
-10
60
-104
-29
78
5
-124
67
23
-35
-78
122
-87
-100
28
-33
81
83
45
79
88
-121
-112
64
67
-53
-73
-125
100
-71
43
-84
-55
-76
90
-111
101
118
90
-10
-6
25
-24
-60
-63
-18
77
7
-35
23
102
-91
-87
60
-10
103
-28
92
-102
-12
-53
-58
-76
40
-86
-36
-43
40
45
-88
-40
-114
56
74
121
-65
-101
-41
23
101
58
117
-3
34
-39
-37
29
44
-12
106
-39
-9
-74
39
-99
62
44
69
-58
63
-37
-88
105
5
31
80
-5
-38
21
61
-19
-101
-98
-64
-27
82
94
41
54
124
44
-88
-15
-118
89
58
93
-14
6
79
-25
99
31
115
-106
-21
43
53
113
-89
-39
124
-16
99
-13
-69
-100
41
75
109
-103
-16
98
112
105
89
-117
-27
-53
64
74
105
88
-37
-68
11
7
-40
-69
48
64
14
48
-42
98
25
-37
-104
108
82
122
-23
-56
-76
-42
96
25
32
-119
-42
32
-51
77
74
23
-76
-26
-18
12
-16
65
46
35
91
120
123
55
26
-55
27
114
95
-10
44
88
-10
-37
73
29
66
-87
69
-28
-69
8
-22
-102
3
83
-6
-101
18
-89
96
90
-63
-3
-75
-18
-29
105
-49
-28
40
-58
92
25
20
79
46
-65
18
42
-26
-80
-43
-14
-36
-119
117
-56
121
-61
111
110
-101
115
-113
124
33
61
-5
-62
-26
-98
-14
89
-99
125
-38
-117
-56
88
-108
2
67
-50
105
-114
111
-100
-61
30
75
-43
-93
7
-21
74
27
-24
-52
119
8
-119
80
-119
43
72
-23
7
84
89
103
-22
-57
102
-103
28
112
47
-78
98
66
-120
39
-103
-3
9
33
-35
-18
-121
-53
-103
-66
64
47
102
73
-94
-67
102
8
65
60
-75
77
-45
-60
-76
94
-91
84
-36
-40
-41
60
35
-73
-42
27
-51
-125
78
30
61
87
-86
-57
-34
110
92
-5
118
-121
-10
-104
-15
-24
25
-55
-81
79
-83
74
-47
8
-11
-71
-101
102
-111
-93
63
12
-112
54
-86
-45
80
-71
116
32
49
-115
45
-112
-108
-15
-104
88
-80
45
-18
88
118
48
5
-65
-100
50
54
83
50
-3
-59
-108
49
-123
-68
-111
7
45
39
-87
44
77
-71
-31
79
-122
54
-5
96
-68
-22
-40
-2
-21
-117
-55
-67
-63
3
64
-32
76
44
21
-82
-31
6
11
-53
-104
-85
-53
-35
124
72
100
-41
81
35
73
-73
77
-60
121
-16
108
117
-59
38
103
8
35
-114
77
95
-59
-22
-92
35
-19
117
20
70
-2
-14
107
-57
118
108
91
-96
57
-112
-58
-93
-76
59
-122
32
2
58
31
-2
93
-15
1
1
-78
-31
-118
111
-39
-78
18
17
21
125
55
-68
-97
-73
-114
-59
112
-13
-58
-2
-4
-86
-112
103
1226 4202
995 3871
2448 5948
5130 1865
131 1139
829 1762
1973 563
1989 1915
534 2528
1948 5128
5029 1964
1981 1177
487 955
2697 3866
357 4330
1532 120
4874 5359
2831 4358
4494 82
3423 4558
1325 3020
5422 2971
3724 4959
3896 1094
3436 2934
3480 4048
2591 174
940 5184
2107 5990
214 4365
349 5827
2517 2767
4959 3463
5220 1313
2893 2642
3809 1913
933 2458
1553 3547
2798 2039
1330 2490
522 3522
417 288
1278 1439
1437 5233
4865 1048
1659 11
1955 685
635 4833
5713 1849
2650 2392
3638 1542
442 1201
3332 1443
208 3657
4115 2773
4652 1213
345 3900
4430 258
4363 904
2231 1235
3378 780
3582 3340
690 2721
3700 759
2471 3325
5978 1221
4513 5158
3153 3280
2609 978
4738 974
1620 289
671 5800
2560 5453
1561 5564
1373 2640
2532 3296
902 3607
1832 392
4159 2374
4746 2105
4745 4620
890 3695
1557 4024
3758 4428
5189 5676
2559 2674
2281 2641
641 371
3000 2108
3913 87
861 1647
1995 334
3332 35
4930 4710
693 4548
2787 4319
689 2397
1907 4909
602 374
56 3742
4440 1163
686 5133
2553 47
572 4630
5672 1105
1654 3978
5938 1390
3492 1622
3973 3575
386 3807
410 2308
57 2433
4628 5240
1150 232
2505 2599
2761 2206
2833 1142
1737 4998
2221 3187
151 3704
5689 1300
4088 3055
437 3188
647 5855
2000 4123
3618 3931
1990 3181
2931 2598
1229 438
4801 3304
842 4020
4568 5923
1785 5862
4855 5655
2556 4899
2281 307
3571 1486
5047 940
4749 1129
5996 2547
4766 3048
5336 2370
3298 87
4840 855
3633 126
2646 5429
4052 3652
1389 2583
2583 2114
1089 4758
5855 953
4316 2269
5245 374
5499 1995
1523 5157
5291 1096
1031 2565
622 844
5062 874
130 1596
4555 2520
4532 486
4528 207
1120 2528
3156 1538
4781 1628
205 1580
359 1311
1280 1685
5708 3009
1199 449
2268 4023
658 202
4618 4112
729 3855
4824 2333
1649 1613
3442 2021
1221 5021
1034 3223
375 2782
1876 929
4719 2869
3426 736
5651 2146
1075 3353
472 2340
1111 4200
456 4495
4534 2903
2308 1502
4466 2466
3979 1940
890 5384
572 1431
225 4484
3449 2575
3918 220
3997 5675
5285 2506
1743 4869
1526 3594
3063 2327
3220 5155
5872 3597
3481 3449
5294 1213
280 4210
2482 117
2755 3896
349 628
5166 2479
2529 5420
516 5639
1198 2710
1384 2163
2811 2742
3358 2267
1715 3600
4443 4464
1459 5436
1099 3950
208 1318
5474 5206
2734 537
4981 845
271 1036
1081 4495
2408 4669
1340 984
507 1150
5155 373
3520 5662
4468 950
2197 3049
3845 3894
248 1714
1860 2878
4898 3072
4168 2679
486 2438
4648 5790
154 1240
875 4477
1750 1451
1967 2632
1595 5100
3710 2454
3942 2676
2046 1953
2068 3722
472 2030
840 2985
5372 5440
3163 4195
4002 4970
131 4071
1364 5029
1303 2751
4970 1953
4162 4205
3734 1855
4695 359
4914 1774
4020 768
422 20
3145 5593
286 2576
4010 344
4539 2814
3363 264
4297 1546
5468 1761
5105 360
46 3545
3168 4339
1125 1915
3112 4501
5062 120
2309 1895
5410 843
3682 1241
2268 2336
5533 4660
711 1432
3097 4446
5651 3622
4819 1758
5402 2382
679 784
2966 2223
2787 3867
1990 2878
1404 5617
5441 5269
4656 3191
4570 44
4588 4599
3300 2551
5071 1458
2535 5967
5918 5753
2899 3238
5321 5773
2549 4885
2190 341
5208 5848
2365 193
3054 1469
1980 3757
367 4392
2700 1928
5201 59
1195 117
5129 228
4811 33
177 3911
5634 2422
538 3006
4 5952
2628 3998
415 271
172 412
4117 4092
3252 3072
3807 4207
169 1465
95 2720
5346 656
5623 2556
1668 593
5576 3338
4510 3608
4782 111
1793 3288
3818 703
4767 1762
1120 1621
281 2068
1475 5157
1393 1920
4685 992
1431 2462
2787 72
2450 5684
4359 180
3085 3029
2640 1909
1349 3176
5192 1978
2608 1836
5861 5090
4272 1528
4746 4337
983 5431
5854 868
1229 3251
1245 408
4992 2449
94 5607
2140 3231
725 453
4875 1081
2794 5706
4079 2513
4298 5921
5486 2096
1212 3761
2780 2424
2726 1705
1983 2509
5584 5361
4079 1156
3721 718
3021 4489
2090 535
1142 2999
2872 4646
4487 2756
4974 3969
1027 5595
4362 1802
5187 3982
5702 787
3646 1195
5162 3910
3545 5774
3280 5588
512 264
3176 3692
1637 3039
830 3950
1128 4470
5784 464
2697 1454
1636 2130
3930 2476
3250 3293
3032 5261
77 289
4091 2824
3456 5711
1420 1091
2934 5156
5431 3753
4739 296
1057 4250
4049 4069
3644 5667
3278 5884
4536 1807
1380 1972
396 3454
888 4500
1829 2934
1064 1811
750 1143
5838 3070
3921 787
4826 4490
3149 1342
5904 2075
3449 5202
1933 228
3639 2694
2768 3616
1292 304
3094 4864
1440 4441
2038 3029
2641 2928
1839 4481
5357 3761
4142 4681
2847 5351
1380 2206
1385 1599
232 1469
2308 5904
2649 115
1939 4968
4503 1108
47 1432
3810 2062
5486 3123
3827 5994
3861 2099
4794 3315
4128 1597
1031 4746
5791 2966
2541 200
1268 101
4115 5493
4618 3291
5581 1305
1080 144
1563 546
2902 1072
3313 4710
4832 1734
2215 9
5368 695
305 4912
1616 1651
4001 4199
601 5976
4395 1328
1030 2503
2314 1597
5924 5995
1793 960
1166 3031
3861 1152
4219 799
1833 5535
5947 3353
1689 2891
2067 4197
3660 5297
5013 700
1380 4248
5684 2421
5319 5725
3846 4238
2883 1499
3258 2040
5869 3662
4012 1139
2139 584
4918 2349
51 5155
3178 4069
1411 5495
1886 244
2899 543
5222 63
3864 1303
2168 4502
4602 185
3532 4352
247 5656
211 5915
537 2044
2538 3134
742 2768
1407 1154
1400 536
1811 4049
3068 2647
4544 637
4510 143
2252 1908
677 4043
1278 2882
1978 154
2545 4135
5663 3260
5096 5035
1278 5394
609 5152
5615 3601
3117 1575
1454 2535
1006 2005
3948 1905
2017 4871
3429 1180
4750 4179
3411 1115
1422 3617
2705 3129
5981 5723
5682 1775
5552 2208
18 887
5193 943
1229 2018
2040 4899
4079 360
3028 3961
172 5102
2074 138
3345 5389
2773 133
4026 2672
1103 3228
4181 5261
3111 1026
5991 1096
2708 5475
3902 5749
1433 1269
2727 4157
889 574
5281 338
2621 2486
1458 502
5203 3790
2856 2553
553 2801
3010 1138
3082 1626
560 1824
1080 4502
2344 929
1484 5035
5755 2162
1114 2969
4247 4424
2936 1280
3822 5151
864 3459
1591 2945
2755 108
547 1881
2193 4831
5219 5368
2375 4419
1209 5672
3672 4222
1324 2176
5055 481
3919 5591
659 4196
3828 1660
476 5090
4909 1365
1013 2073
1491 4934
499 299
1451 5701
2437 3880
2342 492
1021 1680
4407 4318
1614 2499
5115 14
5157 5403
420 156
1901 4877
1574 49
4830 4236
2198 4669
2966 830
5071 2015
3835 3267
1351 3925
4207 2147
2897 1908
4852 5335
4724 5626
3506 2492
2733 51
1016 4019
960 4633
79 252
2421 5903
4805 5412
4096 3103
2792 1244
1681 2466
5345 4845
174 353
4292 2681
5006 5449
5957 2083
871 1812
5821 3137
3257 1238
4877 1008
4765 5077
5074 4410
905 877
1770 244
1925 4595
2902 5675
1203 536
944 4256
3370 3904
1663 1072
83 755
216 3705
3544 1748
1207 1914
2138 4657
15 1675
5970 970
5406 445
5626 4293
4116 4515
1756 4656
4182 5793
347 2745
2798 2724
2066 5083
4389 3922
1450 3130
5764 2755
2655 5121
2487 5920
5653 4730
259 4091
4695 5678
1002 2768
2784 2509
492 3706
4573 688
5088 4280
195 4348
100 2097
5373 5050
1489 3446
1417 454
5762 1640
564 4277
4822 490
1379 3546
2932 4184
1043 2618
3663 328
1411 3854
1802 4223
2113 1209
3021 1432
3889 1803
4297 1152
2085 1317
2617 5637
1738 5806
5161 2001
5615 5910
5083 5041
4796 233
376 347
5264 3397
2900 927
3371 2160
1045 637
4558 1860
4021 5783
1407 3372
3398 1128
2209 5284
5301 5798
3924 235
4402 5636
5833 3836
479 4299
1144 1118
3959 3131
3125 1673
3794 5372
2897 3994
5638 1977
4077 633
4303 2719
2324 520
1666 3426
505 1166
3246 3777
1855 3829
1253 2507
1224 2993
2394 5539
3568 339
1611 4784
4842 4524
3904 551
2747 4198
4628 5437
5750 3407
420 167
3048 215
1622 373
4645 1836
1564 735
242 4644
969 3038
1013 1436
3155 5342
3738 2462
1209 482
3079 616
4359 4665
818 2042
1016 5136
2642 3647
5867 4600
4819 929
3577 5225
1518 4055
5702 2375
2631 240
4294 3044
2873 5572
4658 4838
463 328
4731 330
5717 1731
1999 1689
3071 1593
4122 2567
2706 781
5337 4477
5101 100
3702 1530
4628 1589
3249 5397
1376 2838
3573 4922
5698 1745
3698 3848
2745 3641
2591 2618
773 2767
911 2296
1101 2176
5140 2719
1054 3938
3170 926
3908 5087
149 4466
4558 5488
3381 517
3389 5390
3065 5266
3694 661
2442 1132
4025 2427
1993 2559
1304 2783
468 4887
5915 2373
2325 2576
1052 3521
2043 670
335 4385
1373 862
1660 5840
5948 29
511 73
2888 2455
2864 1529
3366 3314
4751 600
5425 5068
930 3576
3967 1299
4499 3279
1045 5300
5107 5122
2605 3045
2260 2403
2342 5239
1637 2493
1597 5574
4782 3260
1339 4259
559 3875
1311 1300
3941 1464
4702 1354
1917 546
168 1123
4411 550
829 5265
1821 2206
2655 220
5371 1804
3257 3027
3314 1166
2593 2392
4978 2354
1946 893
4789 3867
4429 57
417 1044
568 143
2415 3733
4536 1713
5644 100
4596 529
144 5645
5001 1193
94 5813
5405 412
1867 3755
2206 1787
3075 3777
3323 3324
1448 5850
950 617
204 4228
2232 2309
625 1351
5685 4324
5694 94
5266 667
5845 1718
2228 1333
1587 1141
2842 1256
360 30
3790 1896
4088 2977
88 5434
3249 5271
4884 2380
4061 3087
1525 5939
4938 5027
3706 276
5561 2495
5615 4167
5348 114
5767 1305
2211 5525
5017 177
4209 3164
9 5221
5002 2427
1784 1086
327 2524
1550 3578
1022 5022
4743 2640
5332 5487
2300 4185
4212 1053
4884 3501
1733 1625
1594 3371
134 4493
3537 1934
5949 1744
533 1564
3537 2855
3348 2592
868 3870
1581 4507
2085 3688
343 2934
2901 1635
4181 4571
3657 3008
4776 357
1359 2754
998 5397
3492 2596
4474 1574
469 1759
3420 3091
453 5548
5411 1016
2479 2983
5384 1063
524 2998
12 2556
1094 3785
908 1250
4334 1393
1620 3335
11 3573
1810 1309
389 2643
4829 4291
5313 3540
2966 36
4173 1283
2301 3566
5119 2175
4983 2742
2809 1423
4526 3690
2015 886
1050 4870
3724 2264
3439 2091
1362 2635
3638 4637
5968 2465
4993 2796
1609 2661
777 5462
2163 5395
3738 2202
5101 5934
3874 336
3684 1692
4198 2039
4584 5764
2021 3679
3275 700
5953 121
362 4364
3707 3740
3806 919
1822 2713
5605 1498
2543 3569
3389 1941
675 869
625 1083
2706 1005
1399 4789
2426 685
376 3419
5783 5526
1938 4805
5042 5513
1691 4287
1016 578
4519 3420
3868 3650
5436 908
495 2316
2788 5073
5455 1653
1010 158
4830 4742
1401 3489
5077 1763
1321 2259
4072 5553
2635 173
2283 4196
1311 2877
2341 5638
4691 4873
2308 2431
3591 2083
3410 1569
4800 4126
119 2931
3162 3568
5214 1137
177 361
2476 18
3233 4563
1470 506
5324 2489
2179 2384
5836 13
3307 82
1178 4437
2781 2328
1679 5158
143 3719
5832 3300
2865 1224
2639 5129
3371 3080
4648 2692
3577 1248
1513 2787
1571 263
2398 2628
3394 3975
3003 1448
4080 3597
1268 1833
4624 1061
425 1374
2558 294
2566 2749
1591 5034
586 1296
124 3825
3542 5867
1795 3398
2681 1260
2815 5698
1289 324
4289 847
4132 3573
607 4239
2824 3805
1331 1871
144 4914
5367 2886
4416 5950
5121 1619
35 3166
841 4694
4787 4453
5474 4396
5912 950
5416 3121
1396 33
151 562
1199 4957
1677 4593
2143 584
4561 3372
5339 5835
4595 3919
767 5874
1205 377
3138 10
667 5373
1814 1883
2351 2155
3968 4536
4904 5838
5625 1236
3964 4662
532 808
5860 1913
2257 963
1663 469
2561 2833
1273 650
2043 2511
4525 4694
2398 2205
4361 4848
792 3540
161 1497
3959 267
4119 1056
2846 1205
2105 3141
1578 4205
4267 1984
3238 3221
455 979
1483 5547
514 3933
1868 5645
5456 2704
1441 3838
3691 470
2162 137
4496 4000
2422 5334
1211 5278
5740 4235
4645 1206
2907 3173
858 3422
357 2967
3376 3932
1201 5953
5508 2689
601 5317
3767 1457
5777 2566
506 423
1562 1874
2181 5686
4709 3570
2110 610
1883 4111
3352 1280
2669 3607
1370 3212
1160 528
3330 5114
3627 4205
3689 4975
1644 4126
1689 1984
5271 525
4428 2955
904 4742
1431 3029
60 5446
2055 755
2659 1176
4923 3005
441 2044
850 400
2389 25
2150 4452
561 5396
873 3373
3595 3394
4382 2997
1371 2954
5164 4682
70 222
3694 1251
4066 5611
367 3481
4956 5567
4212 3700
4614 3195
2122 1636
597 602
5058 1393
922 3425
1882 837
2559 2230
5167 5960
2948 2501
2959 1516
2442 3889
2275 3722
4209 4585
909 5388
1325 5372
5006 3437
4238 5645
2859 398
2768 2426
1281 1835
1215 5433
4086 5149
4143 308
290 785
3228 3688
2143 5737
5677 504
4477 1329
5087 5527
89 1444
1663 4006
4782 3200
5943 1386
2508 1000
4157 689
1896 585
2600 903
2933 2159
5925 2020
466 1832
1017 1209
51 1689
5864 4923
228 640
4885 5006
1627 3914
2762 2677
718 261
3018 5817
4597 3817
3990 3609
5217 739
2589 5489
4413 82
2519 318
4564 5445
5780 3936
4099 2084
2128 3489
2689 2207
3674 4533
1788 5428
1222 4546
2613 2501
3567 4211
2431 4360
4529 2423
3715 305
1046 1487
3832 3197
2207 4408
2850 5648
5333 5846
5016 3698
800 4338
4410 1030
648 3189
4147 3451
3610 869
1499 4854
5118 4783
5393 207
471 1398
4791 3739
5258 3834
3805 5386
1075 525
5587 5682
4612 3554
4073 5372
2014 5095
874 4557
2885 4997
1592 743
2000 5621
569 3169
2015 853
3411 229
1552 5820
772 3017
4562 106
2725 2592
1947 2691
2431 5537
2136 4621
3855 1080
1108 3944
5254 5452
2283 1390
3556 3969
1198 571
2710 2510
5257 5919
189 5202
3475 1233
4914 3027
4951 3590
5831 3895
2849 2419
1199 2886
618 1711
2256 2096
616 92
424 2363
4624 4440
5550 4319
1213 4046
2203 2390
1429 579
3048 3198
5450 3742
169 2641
2766 1143
2603 135
4843 3780
170 5082
2818 4431
2182 58
2419 236
2647 386
2348 5322
2094 3355
1397 327
5022 5071
5771 5913
315 2353
4651 4171
2418 4411
5474 5796
4137 4056
963 334
3784 995
1384 1494
1385 1136
4524 5631
3883 5065
2713 5692
3789 4700
3230 3790
1609 4499
339 4570
5631 2707
4527 2671
3700 1642
1658 2758
5306 466
2975 971
946 1179
2852 1787
1695 168
4285 3790
5021 1161
93 1543
1314 1577
1999 762
3795 3833
1381 2142
715 828
3262 883
1751 3316
5789 1109
5061 3469
2152 1297
2415 1401
4110 4839
1186 3756
3484 1249
644 3416
2290 275
2357 4044
5729 1668
2341 3448
4424 860
2295 885
3008 1006
468 3634
5156 568
1363 1074
5269 712
2487 3876
1629 817
2009 4867
4178 2335
3496 256
5150 2695
687 5756
5180 3651
2470 4170
421 5597
3947 2644
2957 3961
3442 2781
3703 3031
5018 4583
5072 5641
5779 1574
2074 66
4397 1301
3623 864
5250 1319
3178 3020
3383 2433
3848 1648
4030 806
676 5864
1024 4706
732 5227
1961 1388
4494 4267
4612 133
3807 5532
906 3606
157 4034
1125 4458
5347 446
3273 4231
2461 874
4069 627
2733 3618
2870 3844
3613 2582
1725 4968
5766 1309
2706 534
4177 2220
4809 2229
1227 88
3876 604
4478 1112
1977 570
1150 5246
3861 1063
4513 2216
913 5258
803 546
4693 2524
776 4846
1722 1996
5155 1735
2820 4517
823 705
2815 669
4284 4341
5929 4880
1525 3565
2353 5165
5263 619
1471 2334
1660 2718
2164 5310
3297 2439
5203 4998
4061 857
2608 584
571 5520
5607 2848
4553 2947
384 4855
4970 5277
4930 4730
1369 5064
5430 2139
2191 1547
2254 550
119 693
5845 599
4192 2330
728 4170
483 1759
5910 5730
4118 3008
5300 254
143 5578
3348 4554
2013 5205
4438 4130
739 1922
463 3756
710 1430
58 3894
5226 325
5293 1773
1432 3507
5293 2624
2947 1031
1540 4660
1403 1265
1826 1913
4257 1869
4545 4061
1340 1928
1710 3808
1947 1858
2949 808
5260 2533
1356 5302
669 5205
690 2616
5233 3817
5385 5696
5477 5865
5187 3269
2307 1912
1273 4216
375 2500
433 2810
5920 268
160 5404
3193 1
4766 455
4857 2607
5850 4622
5256 334
3694 2672
5779 5829
117 1634
4913 2558
3849 1213
5910 1600
193 3539
3864 3256
1707 2296
4689 2377
2903 1311
5029 583
5573 2690
4948 894
1406 1222
3682 120
2345 5854
5525 3438
3063 2671
2750 3582
3841 4820
5564 1231
4995 3170
4749 1633
1448 79
2087 360
1208 2367
1126 779
4031 335
5255 2727
2352 4614
996 842
1690 2440
4896 797
729 253
2374 3281
1248 2177
4589 2733
5622 5918
5103 998
1439 3623
3290 1649
4045 1861
2278 3637
5190 280
3000 3397
103 5830
4598 1420
2089 8
5052 313
547 1045
751 941
2240 3742
3344 3059
2339 733
2419 1360
3384 2152
2209 395
5309 2298
395 5150
4337 4547
2608 1517
2379 2814
5776 2487
1982 1732
1425 2187
4107 160
3202 4957
2296 803
623 185
176 88
3012 2134
2923 1258
2261 79
1824 164
4510 4878
3608 2458
2774 3194
3220 5031
938 2243
1586 854
2647 2107
3467 5156
4471 5127
1905 1014
1488 4646
1559 2135
5385 2609
1617 4901
4366 2900
2575 4397
4774 860
3683 5699
2932 322
4667 2087
843 3831
5195 516
5157 1856
75 2347
5349 5427
5169 5792
2508 1698
3072 2243
2089 3785
961 4801
1876 5155
3777 3612
2925 241
4251 4488
16 3821
151 1111
140 3804
4116 856
1061 1938
1073 188
4822 4171
5970 2457
4218 4391
529 1762
2797 997
2372 5350
2719 2323
5502 1176
5353 3573
5384 1712
931 4868
3568 4144
1829 4585
2498 3145
3501 1114
1303 190
1920 4148
2732 4393
4660 2795
5604 2958
605 989
736 4701
1254 1981
3822 4139
5571 4815
160 3251
853 4431
2207 1208
5262 5239
3039 1023
2358 4704
4532 2475
3100 2489
1190 5817
5840 2774
4737 4845
3425 3450
3791 2140
4115 1193
4202 4300
5907 1031
4205 889
2158 1733
1051 3545
5679 3773
3746 5890
3015 3820
5921 3450
5634 1727
2392 5775
3576 5681
222 889
3057 2404
5817 5021
3900 4046
265 3139
881 2998
3990 474
1494 2559
2012 1610
3439 4532
1172 282
3290 292
3093 3203
2682 3345
2698 1685
1345 4659
2821 5769
5652 2818
2868 4294
5482 420
5636 2584
3061 3364
228 3454
1780 2644
3931 1538
1256 1572
2412 4335
3573 5747
2600 5038
4059 5925
245 5489
2902 2645
4990 4612
4483 3533
3850 1745
5701 2453
1794 1315
5670 648
13 4573
1601 589
2111 219
3728 4052
642 4713
5457 5599
1922 707
1631 4691
3248 269
270 831
5807 532
3478 5565
4211 1220
2132 2070
5451 1692
4286 4315
3452 2943
2581 2945
4480 1452
5808 5309
2814 1216
2502 4288
4700 5946
3916 3044
467 1168
1440 4664
818 3552
613 3801
1173 4937
1393 1458
3943 3291
2371 5700
3190 2508
616 4825
662 5789
1567 4550
4729 4476
3308 1744
2269 939
3323 1024
5974 929
374 5385
30 1984
1288 1769
4810 2407
2530 1055
1839 2904
2973 1548
1957 2812
2034 5597
746 4998
2199 392
1194 422
2443 4452
894 2319
1076 4078
5154 3130
3302 1257
5308 3516
1254 1942
201 5046
1632 1397
634 540
5030 475
1024 2696
4666 2420
211 3759
478 2858
329 116
1210 1926
3765 2700
286 2295
398 4642
1961 337
2515 124
1385 664
43 30
1987 5437
5217 2653
3365 4040
2975 5366
3386 2711
3466 3504
5374 3381
5103 1919
1186 398
1773 1147
2723 402
483 241
1286 3401
2139 2696
2135 150
4503 5671
1154 991
2170 4148
1617 1675
5707 864
264 141
2150 2881
1901 5264
5491 2560
2379 196
1195 2709
4201 5768
1656 1999
487 5784
5132 4104
2617 4793
2133 345
663 4130
1775 5450
2083 686
123 2060
4108 479
3759 4218
963 5221
4781 829
1373 367
4777 1344
5193 705
3781 5588
5506 614
607 901
4294 3160
1261 3260
1848 5647
2472 5125
3411 854
1511 2660
6000 2676
253 1060
3354 2601
1574 3120
5184 519
190 2534
2059 628
2498 5976
1792 509
1371 1621
1752 2156
3224 1992
2174 5661
5627 4495
3369 2766
632 3966
987 245
4057 1701
216 4934
4549 2656
331 4517
5266 669
2742 2361
760 2035
2761 3874
5160 2785
693 1629
509 4645
1217 2549
3074 5327
1612 5947
1093 580
2388 5257
1450 583
279 4388
626 3957
4072 2481
1533 2127
2308 2137
62 1166
4101 1376
639 4594
5942 4066
309 5227
3449 4478
2036 1068
614 104
1814 3005
3956 4506
1480 3664
1693 2234
1110 214
3933 3090
680 1731
4171 1596
3213 3135
2699 5468
631 1694
675 2595
4199 3043
4381 337
666 5456
4269 4811
259 3505
2019 573
2284 2586
4963 1457
4312 2381
3411 1281
4859 3057
1172 5481
5099 543
1717 5633
5656 3487
5956 4985
3995 2227
3030 3110
2347 3602
4058 3516
1205 4248
569 5836
1229 971
4176 4913
1088 1777
737 5013
1612 1825
3735 2249
5618 55
1817 1605
3931 5052
433 5948
1129 2516
2381 3732
2319 1370
2581 2612
2436 3930
638 4159
4611 125
4078 3329
4374 3322
417 2503
2181 5274
3868 4692
2746 701
1632 144
1831 4684
3409 3763
5274 2479
3384 5236
4287 4608
1557 2363
2118 2383
1225 3965
423 4567
2995 4377
4419 2464
2153 3758
2733 3558
4234 544
1769 3579
530 2571
5892 3897
3773 1191
5717 2283
799 605
5649 2076
4596 2440
3893 4735
1603 399
4512 800
1144 3602
5246 4555
2690 4579
5133 4349
618 4184
521 2615
4150 2926
3883 1418
1069 4096
5522 4159
2588 1384
736 518
2888 2388
5784 2482
5012 3469
4262 2546
629 1956
192 2243
5972 2254
5403 1461
3157 5858
1378 2107
4102 1808
2194 2423
425 2517
297 3173
2677 1676
5265 662
1514 3463
2055 1184
3428 1598
3377 436
370 5798
4672 1777
1447 3862
2498 231
3105 1223
4794 2878
1496 842
452 72
89 4830
1731 4756
803 770
4654 4148
1906 1255
5819 5233
4331 4074
1098 2622
3943 593
5878 2235
2835 2740
1063 3675
5606 2878
3771 3656
1413 3139
1670 3205
196 5892
5288 4403
1134 4049
1550 600
4615 2767
1963 5390
704 4138
3752 168
2043 749
4314 1530
1055 4783
5908 3257
622 5760
1852 2465
2741 3140
5794 2646
468 3663
1278 2444
2110 386
5689 3627
2851 1941
3456 3709
1500 1126
4900 4890
183 2544
1797 5175
5300 5376
3536 2426
767 3748
1126 4929
32 5
463 4899
2047 1510
255 4038
5675 3213
4808 515
1868 5058
1040 616
3943 2325
1029 2284
5299 1205
1454 2744
4730 926
1379 4612
5778 5827
1296 736
109 5453
5782 3988
3358 5442
4386 713
2972 3449
2034 5770
2347 2573
1541 4597
457 3584
4019 5063
2679 4290
2189 183
4009 402
3798 5393
2512 5156
1538 5174
1301 2692
941 4081
3784 2874
2848 1293
3419 1807
5727 3878
1320 1887
1558 1742
1738 1774
982 1921
3963 3536
987 2730
5305 2260
3312 5863
4638 304
4644 1899
2672 2259
5902 2867
5527 4631
431 971
1934 486
1336 4241
4171 5199
4540 969
1218 792
423 467
4678 2086
5375 1995
5521 5979
905 1568
23 4479
3183 4327
4022 4178
2017 4944
1137 641
4169 3001
638 5015
5844 3777
3403 1190
942 1264
1832 5558
4541 4598
2705 2493
3425 881
5531 2831
3722 3731
3345 760
5802 2546
5887 728
3564 129
5823 543
1174 3472
4690 4409
1323 3088
5410 2411
68 2746
4485 1247
3696 1584
4276 4412
2057 196
477 3114
3834 2327
1174 1172
2157 4405
3075 5982
3753 1759
3913 5081
1101 5608
5220 3477
5078 3221
934 2823
4231 4831
4353 4059
5481 4987
5047 3676
1200 43
4240 3377
5009 5782
428 5610
753 3654
361 4572
1488 3313
551 2408
2454 394
3322 5283
1340 1976
1072 2258
4590 5767
3812 756
575 2509
722 1524
2093 5824
1436 1199
2407 2199
3916 4611
2637 2574
490 1081
1831 1486
2305 4084
2745 3948
3133 1914
1733 1297
3576 5955
2849 2170
2277 3583
5194 5840
428 1837
4057 2842
1416 3946
2421 3202
4797 118
1402 1814
14 3421
312 4496
94 308
799 1224
757 4019
1881 2184
2549 562
2488 1952
3134 1815
3411 5419
4111 1903
2187 2465
5037 2010
66 559
1353 2252
1182 3620
2685 2993
1850 3934
2423 1921
2751 3236
1802 197
4497 4245
913 4905
5068 2161
1733 3746
2993 4598
1137 2113
4891 3358
1892 5272
1591 326
214 237
3731 770
4223 525
2294 5679
1684 707
4049 1370
1075 5913
5060 3376
2546 2141
1460 5141
2467 232
5404 3944
1691 1804
657 2087
3075 3404
1403 3935
669 704
4272 1943
3387 4696
5955 4525
925 4017
4685 4305
5194 5814
2907 5153
2145 4377
2313 68
1696 1618
268 1243
5844 2951
518 517
2418 4637
70 338
4358 461
1646 346
2906 3515
5305 1247
10 2915
3196 3856
3973 5877
2605 368
5990 2355
1121 1255
5284 4504
4138 3030
790 4171
2513 5344
3723 691
624 2935
505 2190
2468 5093
3012 4477
1745 5837
3922 3106
4966 369
5965 1101
2882 1029
3785 4691
2390 4772
2294 2817
2797 5217
2839 3487
2299 865
5060 5544
3490 4343
990 1976
2666 4287
4673 3639
5601 5199
1535 934
2385 4555
1994 2743
2626 4825
5585 946
2704 1364
5599 3973
1118 4
657 4332
538 3438
2007 3730
5555 856
5276 1318
2713 4704
825 4545
132 525
4839 4614
3927 4726
1620 2315
5958 194
5799 1784
3190 5536
2503 4414
2740 1272
2794 1241
1512 561
570 2041
3867 756
2252 1582
4391 416
2211 2530
4287 3152
4179 3307
4607 3258
3602 3888
2389 26
724 2044
3055 158
1350 1601
5927 2115
2154 2928
5741 256
565 2294
4403 305
1622 312
1567 5095
3241 3186
3948 3166
1018 812
3986 1359
509 3791
5591 5655
1005 1975
518 5704
2452 2793
2639 2078
2763 2278
5823 2917
2546 1328
4066 2681
3442 925
5110 4477
4129 666
386 336
1942 4034
5702 1837
877 5375
4469 3635
1645 1696
3408 2709
856 4732
2533 3921
4995 4053
1672 4534
2728 3008
2224 5042
5960 3013
2742 666
3524 5842
2873 3183
3885 821
5942 3101
2442 3785
550 4500
2299 3968
3799 3308
1116 4722
656 4389
1884 885
3743 3629
5438 2990
1638 4534
1471 39
1958 1063
3114 5681
538 3137
5208 2428
2199 85
5980 1652
3362 4468
4974 4494
611 3703
5286 4324
520 3904
812 2349
2573 5857
1901 4417
4763 1980
2160 2411
2798 5434
2554 1104
2972 384
1551 2447
2979 398
4234 2633
2289 2970
2031 2083
538 4461
4623 2890
5798 108
2748 2662
2937 474
1613 4994
2215 4651
4100 107
2919 3612
5005 2822
1463 1554
4746 4951
1937 2641
4990 1712
1180 5422
5718 3719
1894 2214
5423 4491
1857 5392
1315 5144
763 496
2342 1144
5075 1341
2944 5581
5448 4566
2364 4108
2692 1729
2209 5580
4665 84
5694 1360
811 2920
635 4257
5694 4426
2717 1296
993 291
4491 2826
684 1611
287 1388
3813 5753
2239 1161
1897 5022
2029 2490
3802 5204
1707 1685
1908 3761
3603 5538
1652 4544
3734 3498
1339 4929
1971 2192
3663 863
1370 612
4946 4803
226 966
3368 4807
4648 2280
1251 2846
600 215
5329 1490
3665 2491
1417 4606
3173 765
4337 1822
3390 1577
771 83
1991 1860
4018 75
4169 47
5112 3888
5829 4909
2833 639
418 4849
877 733
487 2396
1041 1317
2091 1862
256 4853
5899 4122
3657 1498
28 3575
5713 2152
482 2003
1906 2879
224 5315
979 3514
2577 4505
4234 4601
5222 2350
5919 3442
5296 4096
99 3860
4881 5069
2802 2332
2942 4640
5636 1532
1496 5211
3962 1928
4188 2118
3799 2210
455 2007
1501 697
685 3603
522 1262
1548 1972
2530 2103
1373 4172
2591 2279
4283 2024
5973 173
39 3912
4923 332
3226 4846
3096 3340
5356 421
3402 686
5206 4660
333 982
2339 1539
2345 5636
3772 2013
1245 5139
2564 2039
2299 5414
432 5584
5236 2175
4124 4553
4629 2290
2538 247
5538 3610
3436 1223
578 4138
5636 1377
747 4583
1225 1440
5280 5956
1389 2945
5608 4110
4990 4602
5169 1321
5050 4941
2900 3130
1638 4205
1563 3479
2335 1055
720 4795
914 2021
888 3615
794 3207
1328 5477
537 1459
5062 2903
1017 1879
5707 5104
3202 5020
1608 4808
4511 694
287 1734
4220 4761
2387 3185
1411 622
2923 4088
1479 5942
4051 2611
384 2606
2899 5241
4665 1235
5891 5907
2854 4568
1711 577
3562 3014
3416 1595
2776 4388
5564 1979
2088 2679
535 3449
444 1867
4202 3975
323 531
715 1375
5390 669
668 3817
5810 505
592 1313
2525 1404
1099 2585
4860 5328
858 4619
2460 3438
5140 225
5120 2367
4831 1224
5699 655
1157 2546
4910 195
1992 4299
2988 1597
4084 3215
603 3725
5220 2682
1238 5722
3896 1248
161 2193
5589 5566
2997 365
3805 4128
2237 5096
3489 2677
1327 1489
3237 3184
2671 3295
1619 3296
3937 5301
2210 4274
718 1606
5991 5093
2552 3962
5901 286
4033 2402
1730 3037
2473 4937
2594 1712
4327 4859
4727 1066
5050 3665
1176 240
2751 1795
5956 118
5566 1582
665 1025
189 4050
1769 5917
5974 3762
2715 5012
4234 3559
1617 1329
953 3384
1066 1781
2672 2153
5208 4842
354 209
5876 823
1274 1648
1857 3299
4815 5889
5198 2669
1001 3468
1152 3899
3011 1903
3456 1137
3298 1054
336 2357
3461 3833
5412 961
574 1533
4703 3865
5360 717
5163 2829
3528 3
2253 832
4881 3057
3672 4762
3363 2013
2433 187
3739 2829
5955 3186
5921 5583
980 3773
614 2908
5735 5265
1165 1869
4708 5997
1436 5582
5589 2634
5042 2307
386 5957
1003 329
559 688
4850 3614
5252 821
1926 4819
29 1437
1456 976
243 609
4436 3657
156 1294
2534 2784
238 222
3055 1739
4234 5653
64 4008
4710 1033
294 3022
2395 5798
4063 5894
929 2193
2284 4233
1559 2139
583 763
807 2248
4662 2137
857 3152
1025 3135
2455 1414
2865 4205
2546 3272
1865 3947
3363 774
42 3466
3012 2950
3393 637
4768 2118
3396 5208
791 2580
3469 3863
5799 1499
3365 1251
392 4447
2309 2401
806 3259
1689 5771
1269 2841
742 1122
5232 3778
174 372
3378 5734
3489 3323
5289 1230
22 727
2503 4479
5771 125
3563 2754
1561 5679
2608 2755
4779 2062
3652 1335
688 3309
2283 5521
5551 3000
2117 2230
491 1157
3757 4479
2791 2361
228 2047
1563 782
3374 3830
472 2628
3659 757
2905 182
3720 1923
4154 4686
1799 5104
3197 4235
764 2136
5867 4738
3338 4969
5736 1619
5550 1785
1226 4318
233 3442
2523 4214
5380 127
5581 4308
3631 3676
4925 4527
5242 3768
4107 2378
4040 2382
2729 2510
2257 1317
1058 5354
1127 5189
2526 2104
683 1451
2051 227
240 3407
5117 102
96 5603
1825 565
1935 1726
1326 98
3821 1610
5174 329
1151 4107
4668 2173
2368 898
5821 2631
2932 4432
884 1964
221 1551
4473 5278
2098 4589
2666 4678
5164 3690
493 1264
243 1781
3684 55
4169 1505
1074 195
5589 5566
1805 272
1538 2213
1268 4210
953 3364
1475 4629
5757 891
1797 4825
2101 454
5433 878
591 4396
1432 1660
2515 1063
4518 4103
1062 1013
4087 97
256 3934
4804 3472
4576 4103
4142 4961
302 1303
4834 2381
1553 1784
814 1452
5298 4352
19 2023
4449 1392
3675 3170
2551 1453
2685 1257
2876 1661
3054 2010
809 1508
2506 2212
816 3376
372 5919
75 385
3978 4972
4867 4974
573 4365
2418 4756
1968 5672
410 624
3118 441
5207 4878
4752 3078
4355 5250
3535 678
5817 168
4391 708
1500 5880
2749 2273
2584 1404
4723 4536
4089 1780
3450 1238
2171 1258
5463 4234
4210 2770
3608 3513
1020 5460
2392 741
5539 5549
2881 3934
1367 3682
1346 793
2395 1126
2482 3681
4590 1966
2596 1451
1213 2724
1772 671
1719 5033
4096 3427
5954 2783
3554 1354
1740 3365
1453 126
2068 5827
2237 3609
4458 5705
4900 538
404 5204
5643 1958
67 3873
1766 5709
3526 1060
3195 5422
4669 4683
564 1982
1040 5582
5155 3397
2032 186
4886 1497
414 863
4235 3695
2076 5479
5221 4863
3729 2632
1791 616
1441 2971
3040 5540
4683 5549
1632 5949
5381 390
5275 2704
4005 2057
3332 4465
1617 331
5355 895
2650 1400
3298 2345
2884 4130
652 5233
937 4971
2279 560
5886 2533
3867 4794
406 4455
1251 1635
5126 691
1740 483
1914 1366
2332 1846
1590 3632
4629 1671
910 3685
874 3406
5833 1907
4641 423
3892 4212
5178 1925
2260 2646
4335 326
14 2010
3548 793
5162 778
112 3982
3733 4174
5124 2221
2566 3505
652 2953
4164 4703
5436 1654
2485 1874
2813 2985
4826 1389
5888 2239
1097 5288
3475 2305
5659 3181
5969 5894
728 1427
3486 2409
191 3113
4 2733
3307 1717
471 1486
4514 2174
5248 793
4687 2054
968 5551
4035 1500
4067 4727
455 2321
3423 3746
325 3978
3293 3874
5976 2533
2831 3821
3921 319
3987 686
4860 4693
1311 5485
2594 2858
5293 1456
3967 3753
5241 2066
2951 587
393 771
2069 3194
2492 2673
1828 1607
3782 5829
5042 2649
523 513
82 4664
1417 2312
416 441
5340 5550
634 5946
1884 738
4301 3697
2713 249
2766 2352
5338 2222
1659 1243
2098 4422
5585 2781
4260 1784
46 3144
2041 397
4969 4987
5360 4772
689 2857
293 3290
5236 2136
1588 5592
3186 4199
1103 5901
2576 1540
4095 317
1857 4156
2136 410
5842 2948
3041 2226
20 1272
5346 1161
4176 1938
2205 1689
2070 4189
82 4392
1063 394
3230 4201
5492 3459
4772 5364
4006 2398
3184 762
4815 3509
3303 5060
1680 1059
5458 3500
1517 2177
5965 1806
5662 595
1067 2080
1399 1804
5564 1552
4843 4425
3426 5677
3612 2028
5488 1528
582 1144
1380 3420
1597 5229
4774 3644
243 2804
5409 716
4767 4589
1139 5876
4219 3542
5616 2656
4732 960
5931 5850
4904 1133
5815 4060
5154 2812
3658 1361
825 728
1715 2316
4019 2365
2830 3979
3812 2605
4278 2077
1683 354
3211 225
5935 1637
5780 3521
109 3263
4550 3839
2710 4461
293 5551
639 905
2331 1605
4696 1607
5015 2704
3577 2317
5159 424
4729 4391
1241 5316
4930 3978
5934 3023
34 1703
4512 3547
2787 674
4198 918
2717 2323
4549 813
1337 3916
730 3086
2681 1741
3893 1234
983 1909
856 651
636 826
2497 491
386 5547
5235 3749
5036 2531
2556 5927
4932 2272
1522 3800
1285 4133
1295 5134
4202 5645
3951 1940
5334 5826
1688 250
2934 1245
2426 1645
2308 3310
502 3657
1613 3501
147 2892
4597 2722
4911 620
4233 563
1347 5740
2374 2044
1498 3035
2936 2244
4500 2541
3110 1757
5062 5487
1804 4620
4708 4933
1352 2746
737 3798
921 938
646 4554
2901 2540
5602 4978
5291 3329
5137 1770
936 944
1919 3195
3693 1449
287 419
4224 4007
1399 3913
1954 3915
1022 4587
210 5543
3242 5290
768 536
1811 5849
5268 2057
5676 3282
688 1779
2227 2538
4131 3225
3574 1990
1536 3651
3864 2574
5566 4713
2180 656
2193 5362
5794 4760
617 1309
776 206
5897 865
3667 1969
1547 5312
3974 739
1458 1473
4897 2933
4112 2782
2038 5189
5817 2363
424 1620
1015 2281
2837 3773
1775 1849
86 5379
2677 3924
4660 1082
3964 5611
109 1416
256 5083
823 5021
3383 1091
4532 1922
165 713
839 5790
31 2681
1335 4415
355 4623
5361 3479
5478 616
2674 1220
4862 772
3237 3076
3841 2815
5674 5704
908 4112
344 3657
3161 1665
3460 5321
2875 4384
3602 652
428 5589
300 3430
3434 2389
4001 4454
1453 5254
3135 4067
4940 1205
1108 1046
2384 404
4305 5193
920 4952
4449 942
703 114
1112 419
5963 668
3439 3396
5703 2422
4271 2146
2932 2193
5564 5538
1371 3245
4757 5785
2743 78
664 4311
2897 3124
3355 3553
235 5355
4537 1796
4672 4479
5097 2119
2443 4404
3253 1504
5768 4406
234 1657
5129 1693
3579 2500
2122 2419
4235 5549
2007 2216
5786 4352
3132 1909
816 234
5468 1040
4568 2068
3414 1152
1663 5869
4933 3938
1437 5687
2983 3883
3186 2534
369 2975
1365 2804
4737 961
4137 1544
2996 715
2914 2039
4057 2512
87 1996
2229 5537
3991 69
952 2877
465 5662
3648 3580
5710 50
5693 4782
4930 190
4596 5167
5571 2072
536 4478
3673 4336
1574 4175
3511 3479
624 3805
1208 2141
1261 804
2814 271
3598 3054
5031 33
100 4684
4513 1159
1920 3687
4976 123
2587 2135
1261 1626
2519 3396
4225 5967
1205 4395
2530 2933
3465 548
4093 823
139 2306
5765 1306
3808 3434
3066 3598
2936 3800
2078 4976
3673 2766
5940 3604
4716 3710
3130 5713
2902 2025
1049 5325
4186 5449
1482 3595
1964 4621
1595 3201
4505 4547
5666 1039
22 5355
2914 5517
4870 3752
428 1157
2176 74
3383 4449
5424 5227
595 742
3581 4263
810 5377
5643 3375
136 5584
1650 3487
1213 3748
3134 462
3296 725
5896 5575
326 2263
3909 5334
2611 284
4334 2020
1969 555
752 5527
5327 47
436 196
3579 2563
2770 3254
2051 2716
1569 4499
4313 1015
2562 4493
2757 1781
2302 439
2927 1315
1965 4072
4397 3407
5033 1669
2537 3593
802 4186
5559 966
4099 1192
2837 2475
5893 5830
3508 4200
1219 2129
2439 4098
3997 4118
410 2085
3793 3410
5748 1306
3014 1768
4879 198
2379 898
5336 5315
2048 1515
5778 5155
5347 5277
1168 946
638 2423
883 475
542 1969
5008 5869
2407 482
102 5216
3671 306
5998 3571
4329 956
4180 791
922 3478
1717 2018
5793 4564
2265 4269
938 3129
2867 3886
1460 3552
1271 605
2700 2731
5612 49
5897 3305
3009 3371
1689 2365
3989 4294
4316 4909
3905 252
2432 296
5977 3309
3404 5883
4788 1660
5618 3478
3799 986
3182 5706
328 887
5300 5942
3714 133
633 5971
2565 5984
1280 108
2208 3739
216 2866
225 3037
3124 2127
2283 2108
3083 1530
2906 4536
1809 1706
4307 779
2694 5182
1200 1008
5469 2091
954 5698
1616 1672
5687 1878
2626 3015
5319 1179
3797 5109
2794 3600
5197 1796
980 2343
2165 3526
4739 1338
1921 1550
1840 4347
4483 5937
1588 352
1713 2947
4846 3326
1447 2799
4626 3573
361 2614
3555 5965
3500 5116
1060 255
2069 5087
3516 5559
3746 634
2360 1433
808 5401
2486 5777
3101 2510
687 1231
1287 3699
1075 1219
3556 1249
5116 5286
4795 1089
3628 1993
5523 5872
264 5313
67 5832
4282 307
5594 2653
5937 5117
5776 3701
2508 2774
700 3100
4247 2886
5431 1894
5204 585
977 1654
4685 1391
1762 207
3353 4472
1972 1865
4366 4943
2271 5751
775 5988
5237 2582
3589 846
2880 312
810 3585
1032 3714
1508 1484
1065 659
2199 3942
1268 2918
5118 4427
2005 3625
5955 5921
2709 3087
5421 2544
5745 2451
1434 1777
4571 158
4765 3541
3087 1451
4937 3466
1145 4793
735 2122
5557 1777
436 5892
663 5145
5991 2159
4252 4887
5298 3404
3504 2730
3438 4444
5697 5125
2572 1394
1092 1389
5169 4746
2119 3686
3841 4521
5223 3817
1520 3591
3027 153
4932 5579
1152 5942
2367 981
4447 353
3421 4530
2188 257
1752 2363
87 853
5908 1871
3592 4251
1528 1235
2143 5473
3881 1399
4746 2234
5406 4843
5275 5043
5343 3921
5865 5958
1407 516
2214 5807
5004 2986
4656 1869
1956 2486
2092 3067
3803 1089
4000 992
826 1946
3007 1620
2522 2059
4795 2228
5265 1758
86 4055
2732 5920
5225 1505
686 3781
3161 1080
5832 236
406 5270
1130 1924
1334 3087
24 5167
2306 5827
4608 742
1311 822
4939 1005
3280 254
1459 4681
2922 1452
3572 2655
2792 3935
181 4719
4112 2966
3401 4592
4533 3364
2449 717
2654 3816
4212 3073
567 3710
3906 3184
2871 2592
4645 3286
2482 5505
1370 579
2000 4316
2206 5447
1422 1336
5516 2970
2339 1535
1078 2607
4197 863
5042 2298
5341 3584
951 320
2440 1095
2311 2990
2415 1402
96 2797
4442 4373
942 5652
4449 3149
3923 5231
5571 531
1178 3870
4330 3516
2104 5217
158 910
2596 3330
2665 765
4696 963
3947 1943
2136 2810
3424 4236
4387 1674
2639 1522
3608 3493
2147 40
2347 3951
527 5850
5911 916
1789 2756
2662 4828
776 3690
1823 638
3580 1160
5776 4370
3642 4949
3021 1756
3824 1502
3255 5670
5544 1888
4591 4157
2656 5429
4813 4399
410 1587
1181 5763
4869 1457
4809 3466
4939 1819
1693 5972
1788 920
2230 2454
1212 779
92 2795
1992 3495
307 4312
1999 5606
3372 3092
4286 4412
993 1912
2940 2311
4545 5763
2936 3705
4009 1698
208 2489
4964 1246
3907 5015
1203 5974
4408 4367
4272 1663
1825 5328
863 904
5979 4318
3223 4211
263 2436
272 2833
1901 2557
5054 2733
3343 3941
1597 1868
3901 5788
652 3603
4072 1371
478 3930
1816 4618
735 720
5825 4001
1349 5135
4451 2398
5671 2817
4562 1302
3138 2354
1446 367
2009 5112
2355 1725
621 1633
1707 2380
2334 812
562 5198
2784 4171
1619 2708
5218 4791
3554 1634
827 2164
3057 4495
4037 5446
1607 4698
718 5748
5021 3283
1277 3036
1755 1737
1698 5496
4915 2128
1537 4336
3179 3126
1953 3856
2065 1013
4944 1322
3482 5467
537 1999
732 1688
1896 1259
733 3432
3853 2526
2444 2051
4208 3874
1470 5009
1156 4969
2875 401
4655 4103
4634 2139
3224 5153
5770 4949
162 3764
2067 3859
4360 3960
4476 5635
617 5878
4334 3128
2951 1048
361 5221
3482 4081
3718 2460
4426 4877
1772 2535
2029 5434
3159 2807
5246 5078
5414 5899
911 2186
5444 5524
816 376
4425 5654
3056 1858
945 4369
2131 2219
1486 5009
5732 2113
90 2131
1117 2123
3391 4906
5797 4575
1130 3888
74 5192
4509 1984
3488 1126
4501 292
1832 2422
2011 3338
3396 1908
318 2253
2617 2254
897 5441
2918 2587
5233 5646
4245 4619
2347 5089
1887 3472
907 4192
405 2830
2167 828
1980 2047
5805 3884
3976 4587
3034 551
3309 3206
190 4834
1810 5145
1740 5739
3255 1046
2405 4517
2696 5894
855 4166
4483 997
4370 1645
806 4945
5564 1559
732 1038
4374 4372
5994 366
591 3589
5492 319
4743 2217
5750 965
5990 5401
1216 5194
1149 912
1 1715
429 719
1559 1717
8 1600
790 2727
2245 1737
5112 1722
743 1411
3732 2103
912 556
4897 2743
3378 3930
1884 5097
5223 4657
3832 3967
5457 278
1862 3466
3716 3301
582 4824
2595 224
5741 218
2584 1497
3047 43
2360 4850
1214 5918
3526 1987
2571 1207
1175 4316
1533 1469
5078 1708
1624 2158
5001 3025
1392 3540
3892 2736
342 2742
588 1575
2914 3234
4254 5409
5185 5945
1889 3354
5105 12
330 691
1979 1830
2735 2377
192 2554
333 1025
3672 558
1437 3607
806 4407
4037 5815
1584 2824
428 59
2045 901
3296 311
1968 5533
1211 5937
3476 4360
3746 1748
216 4892
1568 2695
1998 902
291 5050
5775 3352
5638 1137
1265 1086
527 1604
5147 581
3465 3973
1671 1197
3348 3780
5625 3070
2188 5039
2272 1018
104 5902
5563 1138
5940 5743
1726 76
624 4493
1061 5650
2154 3078
1032 5134
570 1597
1823 3685
4573 5965
4808 2338
4116 4127
2647 5285
1597 1918
3149 3819
1794 1705
2396 2239
4257 5113
2793 1249
1837 3267
2147 2262
5058 4016
3316 2193
4206 1867
3270 1041
2302 1035
2807 3850
4135 2402
4544 1064
1734 5717
2562 210
2506 2444
1042 5259
5217 5516
1559 1375
3264 2324
4209 2924
5799 885
5196 3214
3843 150
5558 5712
1654 838
3965 2879
772 5923
2620 3457
3040 699
4216 1111
5831 1377
3158 3263
426 5250
3487 5181
3074 3816
1142 5530
4111 1278
394 157
5954 5990
1623 4154
4380 1384
4450 4808
1765 5211
1668 3512
2241 3481
150 3058
5889 4494
5423 2402
2710 1265
1450 243
4267 4166
5403 4442
3412 3603
2803 1063
609 3362
3890 56
1143 3799
5837 3870
2145 3058
1040 5363
3443 5335
5813 1596
1167 2828
6 1596
3644 1634
5727 5914
2212 536
3240 3412
4332 1692
4961 51
1177 3283
5039 3265
129 28
3110 5304
1312 2992
4343 380
1036 3580
2829 1884
987 3842
4098 3158
1716 5245
2471 393
803 52
852 5886
1953 4193
5276 5017
4163 5970
1541 2557
1665 975
5894 430
3498 3277
1442 3627
2326 5730
5925 2091
4732 42
2220 791
4630 3642
777 120
1842 883
1303 3010
570 3641
4331 4402
2133 2677
5660 2100
2831 5591
5685 2649
231 5680
760 790
2600 879
4773 4928
922 3130
4843 2199
2074 2256
3614 4384
423 5629
378 4088
1694 461
2119 2725
4489 3860
4382 4831
1155 2718
4922 3135
4943 706
2978 791
3594 1708
918 1955
1838 620
1768 3710
2184 3337
1358 1784
5708 1929
4117 3350
4055 661
4504 3050
1462 2249
2784 5541
149 4314
3150 378
3594 827
1031 3941
1028 4321
4544 4508
5662 2917
2283 4117
4312 1787
5488 696
3991 2161
1119 726
3596 137
1988 3754
5651 3306
1901 4719
3773 692
1624 642
1744 3555
416 1017
3533 4406
4010 1236
643 1776
4235 5139
5026 863
5197 4809
1634 1899
1777 2303
5941 3137
2022 1756
4954 4464
91 2547
4899 2052
5169 5038
3322 4370
4885 4186
1263 5539
2317 3330
1093 2612
4193 5889
4574 172
1548 1122
3828 2528
434 1866
1466 1028
3156 1288
866 659
3202 2139
1456 5713
2321 1222
5550 2719
1677 4080
3281 1647
5104 2063
1693 5112
4820 1941
5957 3980
4245 5179
5365 632
299 2126
5459 2300
119 5127
2483 5099
107 3999
4746 2581
5487 2162
4486 1091
2129 3491
3404 3779
5420 5249
5185 470
1965 569
621 4133
4402 604
3101 5531
995 5955
5960 5327
2278 2127
2965 2192
1006 1862
4827 214
2483 5067
3320 3175
4296 4908
5126 1335
2185 1250
3915 4612
339 3669
1695 3601
4537 2798
4724 48
1780 689
225 2070
874 923
3072 617
50 1624
4201 2525
4999 4296
4542 928
4027 2210
3160 371
2494 970
1057 4202
607 367
3828 4006
1042 1240
1058 3280
627 4289
4423 4376
858 2224
2396 3792
1184 109
5357 1010
2896 5217
3470 5049
1425 510
4202 3759
851 4159
4621 1874
761 3953
5811 1020
1718 2419
3455 5524
5770 3482
1472 2447
4751 5752
5361 1099
2911 3534
2464 3357
681 2975
3026 201
387 5542
629 3794
866 3579
213 3299
3512 3875
5955 509
4541 1206
3635 577
5233 4084
1509 369
1552 5610
5991 195
5224 4881
4905 2534
2263 5561
1729 1319
5833 1044
5567 4357
1856 2069
2739 116
2900 4043
254 2383
1358 1177
4151 3746
5599 5144
351 4583
1830 1374
374 3471
3138 4225
4047 1700
2197 1511
162 3308
5706 4608
290 5680
3480 3782
4238 2702
454 2531
5915 1980
4658 5828
3617 1070
3405 5869
5796 2649
2633 5469
967 5289
4230 867
3708 3600
905 1905
3743 1344
1438 3056
1588 651
1568 5413
4814 937
4726 338
4593 218
2336 592
5018 556
1282 5163
2094 2479
1344 1630
1520 3047
2796 3041
2151 1330
523 1136
1487 571
3790 1374
2703 2510
592 5434
635 205
4060 929
1930 3138
2465 4052
1403 1253
3815 4859
707 1873
756 5370
155 1346
2923 1138
3624 1874
3525 907
5242 868
3778 4706
553 80
3969 5934
1005 4321
3054 5623
781 667
4220 1032
5418 3409
3684 948
4317 518
5836 3511
3054 5522
3259 479
4055 2103
5324 4235
4456 5157
5906 2658
3580 1611
683 5239
2524 1678
1335 2508
4914 319
2954 1205
1777 1544
4288 4350
4051 919
193 1727
3 2719
3942 79
2124 4939
4442 1143
2641 20
3236 5768
3135 2933
5429 2528
624 3101
5085 1528
2385 5028
2659 4018
326 146
820 1218
3021 1468
3306 1929
848 2977
129 4650
3423 2260
4343 503
2141 4618
5091 3963
2554 2231
2775 1518
3873 4452
1208 5860
626 3011
3966 4231
4675 1206
1495 5558
2019 2445
832 4110
1343 3679
3239 1528
4296 1227
5595 3731
3669 3775
3349 1636
85 5113
699 1243
5367 27
4402 4071
3358 4676
3683 3917
1567 1453
3554 3845
1821 3714
5067 341
3463 1106
782 1282
1535 4424
1709 4788
1231 123
610 106
5032 2002
3814 2510
5803 2396
3152 2426
443 4783
1723 458
3346 1119
5260 3012
3651 3794
3714 5702
624 3346
3454 5871
1149 4787
1301 4481
5204 261
35 3621
4075 443
4147 4207
4243 3165
2205 883
5266 3676
5710 5017
883 3940
5902 4621
2717 791
2350 122
769 4455
1280 4488
3592 3603
5932 5858
4029 2758
3040 4589
4646 3869
5592 535
1816 4840
1326 2796
2123 354
5604 63
956 84
3023 3927
1139 3927
5958 1304
1444 1993
540 2179
537 4049
2266 816
5744 454
64 1115
2625 62
4989 5469
1715 499
4078 4749
2063 2170
5539 4918
868 295
3960 1883
3325 315
3699 4264
1792 3487
5305 5994
2105 2422
3142 1026
1991 2157
3340 230
340 2694
5051 1065
5498 2423
3507 1181
4580 828
3062 5141
5059 1748
1841 2367
3059 650
5372 5330
254 4738
368 2373
3166 600
41 1008
4936 1715
5356 2663
2871 3791
5130 1156
1559 2395
2453 3299
4084 1920
1587 1909
2498 2356
513 653
5646 5054
5882 2143
5172 5514
3384 1450
5506 2351
1850 291
653 3408
5622 532
4211 496
3985 2421
1121 4937
4317 2170
38 4158
706 4636
4055 5839
4385 3245
2068 1693
5076 118
651 3087
1194 4755
1660 1333
2098 2482
1277 2555
4677 3655
1102 1536
3017 3316
5471 3303
2451 551
5281 5837
5885 2356
2363 2349
3656 4805
1294 1392
2675 2751
1931 1465
5197 1047
5843 5552
2952 501
3007 1677
4079 3544
5970 1832
2569 842
2267 5790
2766 3668
2639 679
3993 1109
2726 309
5247 159
741 2095
3343 83
2316 4927
586 479
5489 4601
5989 1045
3645 3566
3181 637
1221 2352
554 2077
5228 4358
2967 4905
1687 3218
2081 5014
1441 3345
4637 1827
1040 4098
2847 4697
5943 4187
809 3666
13 1496
3425 2889
5822 5750
2822 4768
5713 2719
5364 648
5674 7
5013 3804
3681 5878
1066 1503
1474 2887
4331 4023
502 817
5596 26
82 4995
2801 2616
1279 2069
1651 585
4538 492
4403 1001
5516 2143
1726 720
2525 3240
3121 2375
1557 205
1743 552
2323 800
1857 4357
2961 5555
2941 1740
1767 1840
363 1034
831 1576
931 4301
3321 1562
1579 1790
5152 4486
3312 4543
3229 4531
4066 17
3003 1326
3846 1914
1850 1988
2230 2900
1160 1201
1339 5129
5164 1946
1710 2318
1733 4552
4171 5678
835 5462
4263 1289
356 3965
2899 908
1138 1086
4113 4595
923 4560
519 188
5985 554
1795 2653
2594 2531
3421 1257
507 1272
3155 4031
1961 1262
4448 3203
3808 3433
2158 2577
1616 380
1439 4384
900 5618
550 131
3901 2508
475 3750
4255 108
1615 4007
905 5441
5228 962
395 2516
5265 658
2707 482
3485 5445
5801 2219
761 2431
5564 3723
5291 3153
2764 4343
5992 347
5737 3962
4442 3824
3019 1296
82 3818
4020 2179
5904 702
4724 5412
3633 1617
1915 5948
5640 1978
5204 531
3824 4250
5584 34
5456 2873
2576 5444
5008 1123
2983 5762
5179 5875
1471 431
310 1871
5547 2112
768 4708
2989 5361
4106 787
1210 676
5913 4460
1546 587
4586 4666
1508 4472
4805 352
4713 2611
3493 1266
5104 171
5927 4214
402 5633
5969 876
2774 1730
5317 989
1520 3571
4325 1440
2662 1873
1481 2323
116 1641
2384 3239
2384 3622
2387 1100
5456 5034
64 5280
778 3039
1029 466
2668 2221
987 476
1741 5407
5382 2400
5012 2449
2954 1009
5560 2797
4160 613
1336 4614
4505 5690
5708 1652
2658 1783
379 4642
2664 5365
5438 2100
1774 1262
3493 3021
317 3700
5705 5104
508 5573
2689 1445
2912 1693
5945 894
1637 620
1696 1466
3566 2666
5728 2314
1177 4537
1428 3331
5494 346
5429 2211
1786 2082
629 359
4703 3582
832 3900
2574 5220
2911 4437
4912 4012
767 2429
1777 1712
2050 125
5670 2512
837 2016
1216 344
1841 500
4242 278
5077 5044
5632 2950
1732 2532
1144 2545
2811 3533
1173 598
870 3114
1921 1255
4964 3554
3083 1335
5784 22
2714 1730
3713 2285
385 5502
2460 1823
3923 3377
5928 1695
2520 2435
1754 108
1665 3173
4243 5321
1000 1506
3055 2828
5468 5333
3919 4
3468 5179
2185 863
5617 5290
1181 1002
1233 2083
2492 4938
2273 1556
3973 379
5067 416
3248 5623
1313 4515
3710 937
2928 1057
2320 5507
1800 622
999 940
3483 1315
1068 782
5556 3552
4050 3935
187 3469
440 2222
358 5350
4419 129
4993 854
4828 1885
4929 2546
3014 4709
1701 2905
5122 2742
1726 4891
3254 3571
321 1288
4619 956
3499 4570
5110 1668
2309 358
5178 4787
727 3295
3692 4633
4961 3947
247 2901
840 2634
4401 549
3470 5556
5214 702
5078 5139
5715 3295
2582 5025
1853 529
4669 4098
835 4209
2375 5525
4105 2785
3727 5319
1431 4699
1508 1513
1018 4952
5167 3380
1337 1025
1796 3754
3946 4452
1175 990
3862 4328
3505 5462
1850 2148
83 4512
5680 5917
1962 3987
525 31
5188 3047
956 5487
2114 5144
1323 5054
1822 775
2501 288
2110 5089
1040 3629
666 532
5159 4008
1739 2848
2826 431
5780 4186
1780 3506
1126 2375
5806 2919
1502 262
5571 5276
2593 510
1108 959
204 5739
1788 843
5557 3699
4742 1076
3686 5550
2750 4325
1339 4741
5525 5032
57 4890
4025 4806
5794 329
612 4271
2086 445
3796 4700
940 2293
4219 3155
4273 4424
2776 3386
4848 1032
438 368
5396 451
1763 1321
234 2015
5827 40
4234 5319
982 4770
534 1105
5512 3184
2612 1235
5367 3045
553 2021
2266 1169
1479 4839
3024 5893
408 3078
2343 5352
1979 4876
5006 3994
1295 2550
2141 5351
1422 3866
2435 238
2556 4200
4368 2722
3007 2736
5700 5184
1473 1764
2760 4194
3827 2224
76 4996
4997 2375
5968 2613
5412 5855
39 625
4963 5841
2777 60
5757 5082
3384 5633
4473 1189
3877 220
527 5212
196 3109
3147 5372
509 3230
816 3977
1620 5214
3086 1538
5195 3935
5158 4887
2103 2149
4157 1160
576 3233
2864 1215
2045 1268
1080 5728
335 2984
5918 3088
5469 5467
4896 2308
3921 2477
964 2428
5632 1885
3020 4496
4735 2910
10 857
2420 624
902 323
4747 508
159 2673
3082 5808
5039 3714
4103 3820
4178 2019
5816 2956
5447 2277
5004 407
4119 4832
1768 3767
3782 2184
2132 330
5480 1119
4663 1992
5398 3995
5328 422
2385 1097
5143 571
1654 5426
2675 2273
1635 5517
3054 5694
2473 1062
1062 2227
82 141
4596 4437
3765 1618
5762 490
4871 1184
953 246
3716 3079
425 5319
4703 1214
4556 2925
5638 5384
4077 4159
570 1095
3141 5386
3213 4527
2535 5115
5981 1468
3741 2126
1232 1894
4369 2424
512 2260
1392 2802
2569 4095
1276 279
5136 3289
3634 1664
1111 4957
2700 1725
3358 3656
2791 4392
4620 2312
4391 517
1663 388
2201 3420
2160 3885
1225 5898
1290 2484
1302 1428
4380 572
883 4813
3197 2672
5135 2699
4832 4056
3767 5493
2328 1032
2394 4655
3518 602
5502 4618
304 1102
2497 2021
860 1006
3970 2184
46 615
5681 1779
3142 4885
4917 1779
5422 2717
3037 2757
2970 1601
2104 5021
1904 1520
1864 4473
2138 3660
1268 1569
1338 1040
4830 3218
5821 5522
3845 4060
2179 181
1515 3097
3791 4418
3577 159
4138 1400
530 3223
5564 5665
1062 766
1997 4807
5256 3564
2121 2295
3457 2564
2451 1028
3846 1723
939 4703
152 1037
4882 2102
235 3740
1902 2635
3897 2282
2393 2391
1256 1369
831 255
1897 4528
4008 1509
4610 1233
5442 625
1902 5225
2355 1586
2947 600
3213 1903
2564 1826
3603 4691
4489 725
4459 1081
2044 2908
3333 2596
2837 514
858 5299
1929 3003
3432 2706
1181 2368
3326 1316
2801 1449
3555 2928
3211 5729
4588 1786
2514 2948
4045 2259
4909 3116
319 3539
2714 300
5587 6
579 2172
4678 4197
542 3463
486 1639
2211 4049
2564 2344
2420 1404
3578 2664
5704 3181
5647 2022
4104 2123
473 1743
5039 168
4514 5410
2971 4996
3278 3846
5001 1901
2427 5198
4720 5611
2410 3708
619 635
2893 2995
5085 4458
4210 865
3169 5845
847 669
4736 575
3870 1006
1943 4723
1947 3869
1479 1962
5387 1803
5374 5454
1648 325
1815 192
1771 1543
1773 5448
3921 4335
1494 1483
5024 532
334 4497
1587 1255
641 263
1317 5912
2829 1971
467 636
2198 439
5317 653
652 631
3294 915
5707 382
5089 3634
5026 1854
4663 2275
1942 2086
3854 2056
2375 1033
4372 4922
4418 3421
2613 5413
2425 225
2257 4279
4225 707
5330 2709
5466 656
4956 1150
4644 1165
1445 5236
944 5110
3543 968
1252 1381
5556 2293
2452 2933
1882 2592
1197 4711
583 2462
5139 453
2446 1143
414 4709
410 2602
1200 3569
403 3456
474 4724
1711 5461
1312 5591
1627 4949
922 3982
778 3795
3405 1100
1436 1728
1241 4606
610 3402
595 3206
2034 3347
2294 2199
1335 2500
5222 3297
4506 2337
342 1517
3478 3118
3594 4795
5848 5762
2671 3705
5190 971
2058 1256
4227 4643
1646 2010
3568 5506
2402 2158
4196 5859
2690 2591
1902 5659
3044 4425
1546 5608
526 4430
1667 2246
2007 568
857 2264
2427 176
3187 1764
1683 5007
1158 656
1572 1634
2118 5740
1078 5331
2748 2192
5720 2646
169 5336
930 2817
4747 4397
5836 4928
1454 1973
909 4648
1636 3853
2342 682
23 439
5536 1082
4238 4399
1779 624
5182 770
1897 4174
611 5169
4178 4020
752 4178
5593 1297
436 376
4214 4907
3501 3428
950 3889
1345 3244
5240 3550
138 2027
5785 1328
1346 1352
5091 2394
1472 5884
4577 2183
1953 5390
5382 5409
3755 1761
2495 5505
1581 5762
3670 535
3035 4666
456 2731
4553 3226
1241 1845
2070 2952
3351 4715
75 4
3468 1865
4723 5600
3288 1510
2974 3536
3486 5780
1073 3358
2477 2200
2096 1313
2275 1179
5070 1135
4205 1504
3700 2369
529 4135
3072 5798
2368 1025
1888 4154
3398 4389
2928 5368
948 3427
1584 1598
3009 5767
858 5168
668 4031
4994 1408
2004 784
1343 5980
2187 5655
2633 552
5193 4956
963 3614
4653 5003
2122 915
3738 2662
3103 2028
1391 2789
3874 576
4534 5808
3055 320
4642 5230
702 4660
4595 4190
2149 5272
5612 1751
1376 2199
1847 5579
1044 1607
7 4673
1057 5477
2174 3507
823 4114
2432 1877
1498 1855
4247 1544
2632 100
1657 4685
2585 4535
4151 1277
809 5547
1671 5481
3059 3815
5940 1550
5950 1449
2676 4715
2076 5274
1227 4326
2384 1860
5103 3019
2592 3522
395 3654
4812 262
183 868
3582 5504
2376 197
898 1966
2468 4885
3752 3679
4057 1147
2263 2669
126 5697
4740 122
5018 485
5411 425
4884 3967
861 817
1594 3252
612 5949
2678 138
1107 4120
3038 4766
1017 1384
4859 2354
2631 4151
76 4619
1127 3562
3804 1770
5248 4075
1729 89
3480 2362
471 2056
489 452
524 488
71 3538
45 5209
4912 3782
5505 607
789 1121
3380 1706
4281 136
2247 486
2247 3048
5302 1439
5209 2039
5146 5977
5030 222
5776 2512
2763 3524
3929 2252
2718 1260
1171 2679
2927 1362
1977 4081
399 1889
1319 803
3461 3081
577 2003
1279 2975
4499 2632
2870 4694
1115 495
2454 2413
1927 909
5612 1368
4457 1398
5408 115
3858 2733
3717 580
4718 2748
4751 4097
5644 4934
3572 1746
3281 5628
3206 1656
4957 2861
1888 30
622 2721
3935 1807
964 712
371 1401
517 3518
3718 4960
2657 4979
29 3237
360 2440
1308 5080
5771 971
1886 972
801 1623
5269 3562
1915 1990
5791 1353
5178 2473
3450 205
1983 2201
4553 3117
3651 2014
5784 2346
1800 3072
5708 908
4368 493
5791 5102
5868 1674
618 1374
2712 5453
2963 1326
2133 1770
2282 2510
2663 1837
2463 2334
2688 3848
5542 2254
3468 3949
2765 5289
2271 4093
3549 4945
1036 1442
4943 1356
5016 4155
2321 2112
2190 86
4345 4811
1283 3075
2938 1430
1021 869
5765 618
3072 4172
2593 4164
409 4658
2078 197
5966 5939
678 3549
3957 3632
1301 5961
1813 4645
2490 426
3707 1994
959 505
1021 3127
278 1048
3332 363
1636 5642
805 3119
2675 3973
5280 5750
3394 3175
2302 1928
2703 1463
628 1071
2120 3966
1773 4497
5262 4101
4103 4848
3372 1360
220 1039
1927 1916
3204 1846
3845 4149
9 3447
3859 4123
955 1265
3714 22
2837 196
801 4743
1840 2343
5521 4113
1622 4183
2181 4232
2282 2129
1480 5257
4198 1506
2916 826
4613 653
2256 115
2018 573
3625 5598
2368 3051
4757 1162
652 1537
2628 3222
5216 2928
2808 3308
842 527
2662 2460
1516 3749
2364 1467
3492 1882
3686 4187
1599 249
220 4141
4922 1032
4863 1460
4825 3387
2804 1020
1739 326
1407 2811
750 3649
612 4151
5823 1009
3529 4504
4373 1892
3968 2494
1087 1869
4084 2646
4570 210
2114 2058
1719 2178
4331 1319
5693 3594
4390 643
2843 1594
1307 4734
1729 996
3821 168
4943 1156
3784 3092
3021 4246
2955 235
5949 756
3831 5236
5230 1775
4570 3858
627 2785
965 4558
707 193
5076 311
1154 1190
3135 5992
5040 959
348 281
5025 690
5528 3800
3229 1699
246 1049
3496 2023
2055 2459
2420 3690
4779 4926
613 1214
5110 5410
5669 4742
1446 4161
3546 5618
4340 1664
5941 3339
361 3409
876 4913
3811 4749
3595 3410
2857 2688
3590 430
59 3670
3506 2201
4189 5877
4789 945
214 3114
2442 3233
5875 3096
1641 2501
1313 606
4983 831
5356 329
5754 714
2785 5834
1552 1276
1755 5369
849 4161
2252 1530
2225 5829
2505 1487
555 4114
1900 526
1258 5468
5460 3876
5513 5817
15 3754
1550 709
779 1816
3362 3172
10 1799
2597 2697
3236 699
31 2519
449 5249
5914 758
5991 4692
3454 3673
1200 2742
1949 4445
5392 3726
1681 1892
5350 1357
2162 2675
2641 4502
1388 185
3989 4397
4592 3809
3549 750
4954 2393
3411 1810
5972 2516
4398 3661
1785 461
1020 475
3643 2670
3584 2797
649 2943
397 3438
1099 3938
740 1019
1968 2767
2330 4995
4235 4716
1806 5755
41 559
2233 2581
1862 4759
3271 5185
2289 439
437 4676
4301 613
1740 4169
1369 5074
1341 102
5313 4746
4364 2624
4454 287
3282 5969
285 5793
5070 3641
2004 2145
2188 866
2954 486
3177 3753
159 5919
1174 5914
5785 4554
5355 1851
3240 1205
3005 1228
3517 3779
2595 5036
2647 1537
5269 5008
5101 2153
2966 496
4467 2167
4724 4658
3143 5130
5709 2316
2571 5869
1589 5764
952 4439
645 1545
5648 912
1926 5544
325 3221
3534 904
2329 2893
122 1111
2645 1644
1373 2104
3806 3992
5624 3885
1157 4395
1483 4450
2381 1305
2682 650
4562 5250
1155 3582
5192 4122
4207 4786
114 2295
1544 1034
965 315
778 3822
172 850
3964 5178
3309 4110
2385 857
2859 5953
602 963
3966 202
1630 1236
3440 709
685 4287
5385 3884
2433 771
2397 4658
3542 1164
2004 3186
4348 5997
74 2627
3899 589
5784 895
1606 2896
1411 5748
1266 1288
3844 1818
1481 571
4008 502
3290 614
25 1134
1988 5858
2284 2238
3171 2262
2876 5243
1353 4573
807 2262
897 2906
2951 1540
64 3401
3572 923
860 4856
1288 831
4690 5942
5988 5358
1587 746
2289 2856
271 487
185 5699
629 382
5158 3038
2952 1493
2891 3621
1702 2391
4515 2660
3174 3085
166 895
2400 2955
2019 3506
3890 1485
1466 2436
4911 4259
873 1762
1482 2875
4106 2441
5908 2350
3947 3315
4947 14
5214 230
5315 4703
2626 3225
4225 1202
4386 585
2549 4106
204 3227
816 3113
2132 3170
1927 4426
5690 307
5999 2549
5657 1367
3721 3614
4018 402
2543 1006
2729 658
2992 3191
4653 5017
1448 4786
4254 4878
3604 2220
1994 4033
2613 4048
969 1262
3555 3910
794 4676
1139 5581
1741 2887
108 2084
4130 2978
5590 2048
754 2209
4548 5673
5949 4781
2180 3717
1859 4169
581 2441
1991 3549
600 1597
1329 849
4202 1375
5298 3101
4561 891
5166 2607
5828 5066
725 3612
2576 3865
1138 154
56 2588
5544 2541
701 1650
4121 4817
1519 4537
4010 1752
3970 4069
5395 3107
1604 2110
923 934
2862 408
4500 5176
2202 1096
4994 5992
4932 3427
3633 5270
4612 4840
5688 2977
3162 321
1097 1453
250 1973
315 504
3323 5858
2649 1180
987 5098
1212 4951
517 5371
4214 4441
1573 3332
1809 4158
427 1781
4520 4606
4335 2262
5843 3889
356 3242
3369 1446
4095 2677
3921 3557
3898 5435
4474 3716
5364 3019
3548 1207
4636 3101
5310 524
5774 3400
490 3270
3004 1287
4445 1640
4369 76
2691 4964
482 6
1891 3668
2470 5967
1990 2249
4344 281
782 2098
1242 1178
1141 720
507 3461
1155 3511
1964 1851
3877 1607
4784 3314
5658 5660
1651 2741
5359 5939
1917 2748
4445 5423
1974 2093
5201 1802
2716 723
1085 447
5218 3646
3806 5784
60 91
1950 2531
2792 5398
954 2571
991 3613
934 388
3837 2870
4959 4742
140 4148
2881 590
536 4998
3915 1026
2943 1329
4032 387
5847 351
2415 4888
2628 2711
4725 3144
1162 2447
4225 2680
3792 176
4952 5350
678 2009
2283 2117
2040 966
2182 2251
3107 1555
3706 615
5128 3051
5261 1046
1471 4918
3984 1336
4654 1122
2113 5182
5305 5104
338 807
1692 1075
1690 5740
4647 1861
4107 696
4681 507
1092 3452
896 5562
4135 5922
3248 2618
1085 2752
226 3433
281 319
1519 2131
810 3213
942 4865
5461 480
138 927
3955 4556
5239 595
2423 4998
4998 5851
5026 282
4135 3749
5674 1114
5454 1765
5112 2872
2506 611
1986 151
18 1859
345 1308
2048 2153
3443 5274
3987 1660
4923 2767
1279 5306
4903 4361
5336 156
1162 4797
79 3772
2315 5481
5003 5844
5783 2744
492 3161
1299 4262
1277 3272
4612 4276
5160 5392
5346 4959
3198 512
3066 2076
2774 2482
1203 4775
4678 664
1811 2556
1008 981
963 4197
2863 3984
5136 1670
2627 3653
3332 3669
2136 2348
1573 2893
5069 3326
4219 1349
4676 5269
3992 4925
4597 2307
2195 5353
4185 2390
117 1089
4996 122
2504 2791
3105 4624
4045 4763
372 3118
1181 44
5308 5607
2018 2975
3592 4236
2791 453
3196 4258
3837 2024
340 5430
1199 4790
2120 2127
520 5426
5600 2403
5044 2679
3210 5516
2212 798
4218 5052
5926 3410
4145 1951
341 2306
337 2257
1004 5095
4943 1888
3105 54
5386 3890
752 440
1692 281
5828 104
5711 5958
1133 1629
65 2957
943 5129
4443 4808
2792 2145
3406 990
1764 5869
2399 2757
4788 2450
3973 1109
3900 431
3376 4655
3836 4005
3212 5038
2450 3163
4166 3085
1773 5760
2431 3786
3605 2002
4815 2969
3289 4047
1260 3947
4345 3226
5434 5729
5750 1888
2053 3419
1622 4843
5741 5158
1420 2774
5937 2358
88 3843
368 3776
2715 1850
3243 923
3166 5010
431 279
5075 2197
1282 1359
2203 367
588 1627
1481 1287
4520 5626
4808 3713
938 2990
153 3459
227 5816
815 887
275 2949
623 3489
4078 3833
193 5409
339 3179
5324 2635
1385 769
2594 789
794 1838
5255 2256
421 2617
520 667
5678 5135
201 356
5385 1228
5536 2081
2567 1686
3680 1694
5920 5754
3784 727
4914 3036
2126 2680
1192 1801
2838 5492
4783 5439
5863 3683
2677 288
959 2367
4466 2578
5878 4881
1820 2026
