6000
9
-48
-34
-16
83
110
-91
-27
14
-67
118
94
38
41
-124
-83
-125
-53
17
50
-20
86
-92
-46
-94
-4
14
2
-41
98
66
-64
-67
33
66
109
-18
-44
42
-6
-26
-40
-45
43
81
57
-106
103
-7
-29
-122
42
-28
-87
-29
-9
18
21
-88
-125
-96
24
10
58
-29
13
-59
117
-115
-60
-102
-42
-117
15
43
-118
72
50
-67
-29
-56
-49
-4
63
67
-65
-47
-117
78
20
99
82
-77
-68
-94
88
89
-70
25
-123
-41
86
9
55
-76
-64
90
97
24
102
43
87
-74
-42
41
-45
-40
66
32
-21
68
-70
118
8
74
-84
-1
43
-37
25
-19
120
63
-115
92
-101
16
38
-48
26
-69
90
-64
77
98
-100
-55
-28
-125
38
-58
-61
70
55
-1
65
85
-50
-30
-110
122
-123
6
69
-77
-100
-59
65
14
84
-6
-12
-20
113
-95
2
103
-112
-77
65
-43
-31
-97
-55
-99
8
-58
-115
103
-58
-29
31
-61
-9
-79
65
77
54
-94
-110
38
41
89
-67
-110
88
-92
75
-62
11
12
-68
-122
-5
30
20
70
-5
-5
-35
-108
19
-71
-122
-106
9
55
-83
-27
59
26
30
32
101
95
36
22
-99
4
-64
-78
28
-81
23
-16
-2
36
-50
-45
34
-64
-94
-64
104
123
53
36
115
83
-65
72
14
30
-68
-77
20
-123
80
-70
125
55
48
113
43
114
5
121
41
52
94
38
5
-5
63
-51
-87
-2
-36
65
79
-37
38
-90
-102
-26
-28
108
-108
-50
-13
-100
-42
114
22
53
-92
20
49
81
-67
36
-16
122
-33
83
-102
90
-116
-35
-45
-19
10
-86
-109
11
-125
106
95
76
15
60
-125
-62
-125
37
-74
-1
-9
124
69
-63
-109
-88
-53
25
-47
-108
98
44
-114
-12
-93
21
107
-112
-86
110
77
112
-104
-82
22
101
24
-86
-20
-106
-17
-107
-93
120
69
44
-125
-5
-9
113
87
18
-16
31
-77
82
-93
23
-118
-15
-33
-73
68
96
-97
-35
-2
62
-90
-105
-78
61
94
-32
89
98
72
10
29
86
-88
-124
53
-103
-11
-85
-11
-23
-79
34
-65
36
50
-13
45
-100
74
95
6
106
33
-47
-16
99
-49
1
-57
45
53
-88
-121
-95
76
45
-10
-24
17
1
-97
-42
121
116
-18
21
47
8
-24
-106
42
-28
33
-125
91
78
-59
12
-47
-103
-58
-67
-106
61
58
113
-113
-105
-101
-13
-27
-12
89
-113
103
-122
-114
39
-72
-62
-39
28
123
-51
44
-109
55
65
4
20
15
-114
-106
-34
-72
71
-93
-55
-67
-8
-43
7
121
-31
-11
66
-103
-80
-123
65
-87
35
6
-62
35
93
-47
-74
8
78
13
8
3
-67
62
-90
-17
110
100
80
-22
63
68
124
-29
118
-43
-40
51
-63
24
-36
-59
107
25
92
-48
90
-97
17
116
0
-57
50
-59
-32
-70
99
26
107
-123
-117
-59
97
85
-69
10
-50
115
-109
64
2
-43
92
91
109
-71
8
-47
-45
-38
69
70
59
-75
48
-80
42
-86
40
107
-95
-20
27
59
45
-73
-78
83
89
102
-19
1
-13
-104
-55
47
-112
33
-105
43
-60
35
-116
-106
-55
112
96
70
33
41
87
24
-120
-85
9
-117
71
14
-65
58
-112
81
-96
-77
-115
39
33
-28
-13
38
-71
-67
-106
4
115
3
113
-102
-25
65
-107
-101
-123
76
102
-40
-96
124
-63
-84
-44
2
32
-43
-85
-109
-67
119
72
23
-50
-64
60
78
20
-45
78
-110
41
1
-91
31
112
32
-106
30
-19
-87
92
-87
-107
93
116
118
-65
-67
94
75
-88
-15
-24
83
-6
80
95
47
90
33
57
-59
-122
-32
-50
115
91
-43
45
-95
37
92
-110
-67
40
-96
118
80
94
-21
-65
-19
4
75
119
-58
28
3
1
-100
117
114
0
35
82
-80
63
-87
105
-106
-57
-57
-96
-29
-54
64
51
101
110
63
36
87
40
48
-34
-111
-9
67
52
123
-35
-69
100
19
70
0
-26
106
-72
-70
-108
13
-13
-92
28
-92
-42
94
-50
-32
91
99
-95
-8
33
95
18
19
124
-31
-77
99
-49
58
113
-110
97
76
-65
23
-107
123
67
-65
59
124
104
32
67
100
23
-116
-75
-29
67
113
119
55
3
3
-86
-27
-17
-112
-88
-94
-35
116
10
87
-101
-39
46
76
-73
121
-63
-37
24
-11
-12
117
-31
-49
-121
-67
2
-25
104
105
-48
-28
-115
-75
11
-33
-35
30
69
10
21
-32
59
-19
112
-30
10
6
24
109
74
59
17
-57
22
-27
-51
-10
-1
-101
49
12
-93
6
-72
33
72
-56
-80
-1
-91
-45
-62
41
-89
27
34
26
-48
-46
90
18
-45
66
-23
84
80
67
-81
3
-125
-23
3
87
-13
-88
82
-24
-18
85
26
-25
94
79
105
74
71
-76
-56
116
-9
53
53
7
17
82
-70
-30
52
77
-85
-52
96
43
-68
-95
-92
-77
6
-67
4
38
-28
27
59
78
98
-117
8
-70
-85
-44
-40
-45
66
-23
-91
106
80
55
60
-90
-36
47
63
-22
-97
25
-12
-1
-16
-57
-68
110
50
12
0
-43
2
-39
-98
48
73
-107
20
-74
41
-32
67
-25
-19
104
74
-25
-13
-6
52
45
125
16
5
49
-57
44
-48
100
54
-7
25
-46
25
93
35
-86
-105
115
95
-91
35
-123
66
-20
-6
88
28
82
113
-17
-83
-86
19
-6
112
-40
46
-7
-83
-8
19
-62
30
2
-92
-123
59
95
1
-63
42
-66
-22
102
38
20
54
109
-45
15
7
67
-118
2
-24
54
38
46
102
51
-11
-124
-79
-8
-40
12
102
76
42
-121
-2
43
-40
9
-105
10
11
-98
-100
107
13
38
-45
-89
0
17
-89
-109
-3
-44
-98
-54
-54
-111
-125
94
-2
73
89
-108
-28
125
24
-29
44
66
122
83
65
-46
99
42
46
-25
3
-71
56
-85
-44
-64
30
-43
-113
48
10
48
13
-115
63
111
114
-78
-17
-68
-71
100
89
40
-50
48
38
-117
-118
-60
-2
-8
-48
-109
28
-54
46
-120
50
-36
6
81
-65
-110
103
28
-103
27
-98
118
-102
39
6
-11
105
17
73
-6
-39
57
-26
8
75
-47
93
-68
63
-120
-59
12
-65
-80
52
110
-21
-25
-5
-118
-16
39
-59
41
23
87
-13
-11
85
-55
50
122
122
-25
-16
-10
-80
64
-4
-92
63
95
95
108
-115
32
104
107
120
16
-21
106
-96
-50
-24
6
-119
125
19
104
101
1
-22
13
-1
-70
-121
-48
-110
92
-58
63
123
-101
12
61
3
4
0
106
-73
111
-81
8
86
43
123
-91
117
86
-11
44
95
10
-90
-48
-59
-39
41
111
103
55
-4
-4
-42
-13
24
-103
74
111
-77
-87
-59
-10
125
103
36
-2
-107
-79
64
34
-74
60
-26
76
-63
109
104
-123
62
115
-2
125
119
-78
113
-69
44
70
98
-41
95
-53
-69
-71
92
-56
-4
25
-102
48
64
-58
-40
-56
107
-49
-119
-104
-54
-106
-45
65
-17
84
119
29
-113
-10
7
98
64
-1
-37
-15
-3
-52
-19
20
-56
-17
-81
-70
-122
-60
24
-56
100
118
98
70
48
113
85
-59
85
56
62
-115
2
2
94
-70
82
-9
-8
28
-117
110
-78
-32
-65
95
83
-67
-66
14
-122
74
19
-107
-97
-99
-70
-78
90
69
-93
-24
-89
-74
-45
-98
-104
59
65
-76
38
75
116
114
120
-118
-103
-78
-87
32
-59
-30
64
-87
33
-65
-77
4
-105
-61
-59
-77
-71
8
115
-82
-84
70
-50
16
-66
-13
-58
10
-114
38
82
11
59
66
31
-50
-112
87
-5
-27
46
-61
-11
123
-110
-16
73
-89
-72
103
-122
40
86
-46
-23
15
51
-67
57
-84
33
7
6
56
-67
15
115
-93
74
73
-21
-83
-76
-8
-55
89
30
-41
85
119
-32
-14
56
-84
-59
-114
-82
83
39
-8
-10
13
-54
-109
-107
-14
88
-91
53
99
-90
-6
39
116
-3
102
-83
-18
-41
89
-98
-78
27
-100
94
-76
-118
-31
-9
41
-43
-20
87
-124
-86
-32
98
-50
72
-109
-119
80
-108
-12
-115
-24
-59
121
-121
17
17
91
-104
17
-44
87
115
-65
-50
49
-124
3
102
29
-28
86
27
-80
1
-62
38
-84
6
-99
22
-90
35
-47
61
98
88
-4
22
-48
-16
1
95
102
-53
-68
-119
-97
85
9
120
110
10
-62
20
-97
-51
-68
100
27
92
92
-32
-87
78
39
-17
-78
-105
106
-11
-69
-85
-72
106
-24
69
9
53
58
41
-81
-106
31
71
-16
-92
29
-20
-107
-6
81
64
60
68
-82
-64
71
-65
-64
-85
3
-40
-55
15
4
-111
32
-13
120
100
80
-1
-5
-3
52
32
-121
-122
-99
-69
-87
-102
-87
-33
-58
54
116
-54
-101
107
69
-68
72
11
-99
-89
-22
58
-23
36
80
100
9
-100
68
122
22
-104
8
31
-125
-28
-78
-2
57
-31
121
74
-58
19
-79
60
87
51
105
21
8
-76
-58
-64
-52
-32
88
49
91
19
8
-73
104
36
23
0
96
73
9
31
0
-117
88
59
-122
-103
-16
-66
72
-89
-45
104
100
-51
-23
112
-106
-93
-70
-52
42
38
-22
-81
47
108
27
-50
-21
54
50
-4
90
34
-79
-118
-74
125
-23
107
59
23
-112
-26
37
48
34
108
15
100
-108
107
124
-2
-40
93
-34
114
-105
-61
-39
-120
-8
105
80
-48
0
12
106
73
85
-89
80
-93
115
83
83
23
53
47
50
50
117
113
-22
-35
113
16
-122
66
90
-32
112
119
-42
29
-30
-23
10
19
-67
28
55
39
-43
94
-17
69
110
-72
66
-71
-12
-115
-116
-52
-93
-28
-114
107
-62
10
-44
-70
-95
-116
117
-70
77
48
-114
97
-31
-121
-97
-88
-9
93
-50
80
-77
59
125
-62
110
-9
-78
-99
-19
-10
-88
-91
88
-48
65
-111
-48
-124
-76
-68
56
-3
88
-35
-93
70
-125
30
43
66
87
71
99
-100
-18
-116
56
124
-17
41
-122
44
-25
-98
-3
43
-17
-86
-121
-45
-94
4
10
-108
-117
41
-14
-43
-42
16
-48
43
71
-89
67
-36
72
40
34
75
40
-35
97
124
64
-59
36
-32
-111
17
-26
86
17
108
-115
62
64
-5
-88
-112
119
-69
9
-48
79
94
81
119
94
26
89
93
64
56
17
23
-41
-45
52
8
-65
-10
42
-104
-23
-112
78
115
-106
54
78
103
-50
-39
-22
-71
-100
74
112
29
-48
-75
103
-36
2
-1
-123
87
123
-3
68
68
46
19
-118
-43
-13
-109
-42
122
27
90
-109
76
29
2
28
-81
46
-71
65
56
94
60
-89
92
-91
-13
-15
-11
54
-53
-56
-53
92
98
-21
53
-124
76
-64
-66
83
2
10
66
-78
-60
101
78
24
-96
90
-116
6
100
-88
-109
115
-95
5
-21
-64
-81
44
92
-30
-28
37
-116
-71
49
-77
30
-91
-1
20
-94
-101
-17
-71
91
92
-86
-121
4
-119
-73
119
11
-106
7
-102
113
-9
-8
108
19
-90
-28
77
-21
-54
-120
-105
5
103
69
-20
-106
49
-35
85
21
117
-99
-14
95
-71
25
-8
-117
-89
-123
8
21
34
93
35
-57
31
-94
4
-57
-42
78
-84
-37
-109
92
-121
-29
-24
-93
-25
47
-61
-21
-106
50
-74
-26
-77
-77
51
-29
-55
-114
-15
-2
-118
-75
-81
-83
83
46
123
-92
113
21
-22
7
93
-47
-11
93
-39
-27
-102
16
84
43
-37
-45
52
-79
-54
-69
94
86
17
-28
-72
11
28
-101
7
25
-84
-33
-49
-87
41
-107
-104
46
-63
-10
-120
-115
82
-39
77
97
14
0
58
-54
118
51
106
70
-94
103
41
29
-59
56
106
-81
-4
-27
11
-1
-110
1
-70
61
-35
83
109
105
47
-119
6
-97
28
-36
122
-82
-108
-101
-98
120
-88
-34
41
65
-32
-18
114
-44
57
-34
-89
-82
-76
110
-99
86
6
-98
-92
-64
-35
-98
48
119
113
-35
99
-99
12
103
-74
-71
-55
-37
86
55
-110
-58
-103
-56
115
-46
-4
47
-50
55
-14
-54
-27
-7
84
106
-107
-74
-103
-52
-112
-56
-65
82
-60
44
-110
22
-42
6
12
104
-125
-19
-42
-120
87
66
-51
-5
-26
40
-68
0
-116
-27
26
-65
109
27
-117
-95
97
58
27
43
112
49
-111
-26
-29
81
-98
-111
89
61
-48
-50
-43
29
18
-96
113
102
-43
-71
100
85
102
8
115
-80
-7
-35
105
-55
-3
-37
100
-51
62
-38
-67
-112
22
-104
31
-74
-55
8
5
11
62
43
5
-109
-41
-4
-93
10
-121
-62
72
-123
-18
45
-40
124
31
-57
-52
-6
-70
-55
-52
114
106
98
64
103
-116
-105
-65
53
94
44
-124
7
-30
125
-112
-86
-7
51
68
-72
101
-25
-86
-117
42
44
-51
104
11
92
49
-70
-42
82
-41
-105
99
-16
21
-68
-100
-58
-50
76
-95
-42
28
-47
51
-45
-15
-71
-105
-60
101
-60
119
107
8
113
-109
15
110
62
106
-49
-88
-84
75
-29
52
114
-78
4
-78
-20
-51
79
15
-7
112
-7
-95
-29
44
41
-9
-55
-38
-38
-113
115
16
-9
111
18
-111
65
-83
-81
71
-5
22
51
-39
118
13
49
-33
120
82
-1
75
-97
-67
87
-118
-48
101
14
-23
-31
-38
-105
98
12
33
108
-122
16
26
79
114
22
80
-69
22
-44
-113
0
47
43
-114
14
14
-66
122
-23
17
-94
100
-115
-8
88
105
109
8
-102
-35
-9
-46
-67
-46
75
-1
72
78
20
-78
63
101
-27
70
1
20
89
6
-69
-92
-39
47
-39
110
11
89
-79
48
-122
-111
-116
88
91
-52
65
113
52
45
103
-115
68
-45
78
64
-113
-64
-50
-23
102
-61
-116
-20
78
-20
-112
47
-84
23
-53
-115
-81
16
-105
7
125
-55
-107
-62
-109
62
40
78
-76
116
64
-60
-57
-70
60
67
30
18
70
-4
97
-17
-36
-19
-111
29
12
-66
-84
68
-40
101
79
67
-88
-50
-86
-68
84
-120
-96
-125
66
-24
8
-6
53
31
-51
59
-30
-24
-23
104
-21
-63
-96
-98
-116
34
60
-3
-4
85
123
25
-104
57
85
8
-97
-23
56
-5
1
53
120
-49
-44
-100
-100
-59
-34
-62
78
46
116
-21
-51
-83
-95
-2
71
-113
24
80
50
119
81
-1
-101
-66
-6
-70
117
98
-66
-85
-67
32
122
-115
45
-115
60
12
-79
124
-119
104
-52
-90
63
-27
-25
92
6
1
119
-13
122
42
-90
15
-99
-109
111
6
49
-84
-40
-12
8
-122
122
36
38
72
-51
-32
114
-42
-75
56
-124
-119
58
8
-45
78
-65
-30
23
36
63
26
91
-55
87
24
-96
20
-83
65
72
-52
-32
65
-106
81
-2
-42
90
-102
28
119
102
6
-70
6
76
82
-44
108
-66
80
-31
-55
15
53
-8
102
64
-62
-10
-59
-124
69
-91
-94
-92
-113
72
104
-112
-69
119
-50
91
100
76
-89
-101
102
100
30
125
-118
-112
-23
-97
17
101
-33
104
-31
6
-98
-77
-82
-19
111
-19
86
-45
71
-83
-120
-7
-32
3
30
-107
19
-101
-120
20
67
-12
39
19
115
92
73
-77
2
107
71
76
-83
18
-58
-66
-73
21
-29
-36
-65
24
2
-13
39
-17
46
-46
33
100
-22
86
-112
-50
-46
68
-11
-60
-31
43
-54
-109
-101
90
-76
-71
-73
3
57
59
-3
-31
16
-3
66
98
-106
23
124
106
63
104
-4
14
2
-104
82
-91
-116
-111
-90
-82
-4
33
-3
107
-70
93
65
24
65
-2
-48
124
41
-73
-66
84
80
34
97
118
103
-48
78
9
-20
22
-40
87
107
93
-108
-27
-91
-107
-8
-35
-61
-92
89
44
-84
-114
-124
-52
-107
6
125
-85
-48
50
-65
37
-85
19
72
100
-18
92
103
35
-42
120
-47
-49
-55
-95
33
-75
-27
56
47
100
-34
-106
30
70
67
-44
-55
-111
-15
89
58
-57
-80
-51
91
51
8
-94
42
110
-106
118
-53
-1
13
-55
-5
-114
76
-48
-106
-64
110
64
-79
-42
122
76
47
-49
-37
-47
-95
-51
-80
-117
92
93
8
-90
-100
-29
-80
-75
21
-76
-114
-35
111
-56
-54
-69
-72
15
-36
84
-55
-86
-47
-122
72
-42
12
-97
-108
-30
103
125
-89
-62
20
11
45
-102
34
70
1
-66
-71
-51
-24
-76
31
-95
72
30
-12
-12
-56
-6
-87
20
-108
30
-44
123
-69
-73
-56
54
88
16
-103
-104
-44
1
116
-119
3
-77
-45
1
-68
121
70
63
-44
-86
92
122
34
61
-40
-82
33
-2
99
26
-93
50
-52
-31
92
-36
106
16
-27
7
-48
-93
-38
-91
-47
100
-66
-56
47
-30
1
41
-2
-102
-85
8
-39
-28
-76
43
-84
39
92
-41
-31
-119
46
-64
38
51
70
-51
-124
-118
106
-12
-85
6
-93
115
-8
-27
59
-98
43
-120
-74
123
-86
-21
90
59
2
96
91
-31
-63
-7
2
19
-51
-58
59
31
80
-41
-51
101
8
-62
50
-119
70
106
21
-42
-123
-87
125
-117
-23
-6
66
-74
-14
3
35
-98
-2
84
107
-98
-2
29
-115
-15
-91
2
-58
-73
13
-98
11
22
72
118
-41
13
103
-60
69
-109
75
35
-40
-125
-114
-63
113
-4
119
-38
108
10
118
-119
82
51
120
-68
-16
0
-114
-90
-40
-13
91
-76
12
-26
-91
24
41
49
-121
-55
57
-40
12
85
64
-117
-13
-100
121
-21
-84
-57
-73
47
-39
-117
-5
-78
-75
73
-97
5
97
20
110
97
-37
12
-45
67
-5
-125
-69
112
-105
-84
-40
-110
111
-113
28
49
-69
-59
-25
-87
91
19
72
35
14
-81
95
85
-56
-26
87
101
108
125
91
-90
-94
-87
92
82
23
111
101
-14
-35
51
-109
54
86
-50
89
-83
74
103
-123
-83
125
-60
36
18
-104
-89
-18
52
-89
64
59
-34
96
89
-28
113
80
106
53
33
74
122
-48
-68
-19
-36
-96
60
-31
-48
121
86
45
-91
-48
-99
-15
7
-11
-107
-107
67
107
-102
88
7
-88
45
-21
12
87
86
115
21
-7
-32
31
51
32
-79
-5
77
-65
68
-101
-27
68
-25
11
40
118
118
25
80
-18
-73
42
78
94
69
-53
-103
-8
-43
13
-26
1
-90
39
84
80
-25
-112
36
112
-35
41
35
102
-103
46
-46
57
-22
4
109
-97
31
23
-75
77
-52
48
-23
33
15
101
32
-19
-7
72
-101
-124
91
-95
-32
31
-18
-4
121
112
-31
46
-115
-100
-59
92
118
-50
-8
-20
-47
14
-64
47
-25
83
-93
-22
50
2
28
84
4
-111
-36
74
-23
92
31
-93
16
41
49
120
45
60
-66
0
103
-50
-14
18
28
-38
22
51
101
16
-74
-8
71
65
-53
94
111
59
-112
-61
83
122
39
93
-11
-60
25
-99
85
123
124
-85
48
-46
-3
-125
96
20
19
0
95
-73
-82
61
-6
-38
11
48
108
70
11
-68
-7
-97
95
-43
93
88
67
-97
99
-28
-1
-20
81
-102
36
-77
-97
-10
-22
42
47
-64
13
68
108
-87
103
-108
-22
-53
-40
-112
108
-16
73
21
2
5
-13
47
119
30
63
33
65
-58
10
76
2
81
50
-118
-59
-30
-18
-53
-88
71
-70
-114
100
124
57
28
-96
-20
38
94
12
104
-72
-114
-20
38
4
-110
7
106
-6
19
-93
39
-42
94
22
-18
41
10
-9
125
51
-8
-25
92
18
1
50
50
13
98
40
-10
17
-117
123
-86
-2
48
40
-94
-19
70
-61
-43
-59
62
-96
-78
23
118
-24
-52
11
-104
2
8
88
43
-98
-85
-102
-120
13
45
-44
18
124
-18
73
84
-85
112
108
-71
-7
54
36
124
77
-61
-45
-16
80
-21
-72
-38
35
112
69
-43
8
-43
56
43
3
97
-42
-96
52
-117
-36
-54
-107
-42
-48
-46
18
118
41
91
-79
93
-106
8
-73
-78
48
-84
-9
-110
-94
42
-31
6
59
-27
67
-117
-99
-75
-108
-63
10
4
-119
22
-36
48
-96
-113
-34
-22
-57
0
-95
-53
111
75
76
51
-119
-57
-37
4
-12
51
105
35
20
120
-52
123
-45
5
37
83
-117
64
35
83
119
99
-101
-25
-118
81
-118
100
25
0
42
-5
-22
92
-115
-69
-91
120
80
44
76
-36
63
57
-30
-10
81
117
-62
-123
62
113
-45
100
74
-89
11
61
-24
-100
28
-59
-9
79
-79
-70
97
71
66
58
-5
43
-96
-124
106
-105
-99
0
-111
106
-47
59
-116
75
-13
120
0
-97
86
-57
117
53
-103
-17
39
110
-110
27
79
51
-44
27
71
-113
-13
-102
-33
14
109
47
88
2
-63
36
102
41
-110
-47
113
-92
-102
-49
-95
55
-17
65
-97
-68
43
35
-69
-94
21
-42
16
-117
11
-65
69
9
-87
-66
124
96
-48
-39
-24
10
-108
-60
8
109
61
32
-4
10
80
-121
-99
32
-113
-119
-29
56
25
-16
-21
65
65
2
25
-117
-34
-79
45
-124
-89
9
80
70
-88
122
44
-114
-6
42
51
-66
-81
-25
61
-69
-124
102
112
-62
41
5
117
28
-123
113
68
47
-29
-82
-115
63
-41
80
102
10
58
-82
17
52
104
-99
-101
109
-75
-121
37
-122
-78
-44
-20
-101
101
13
-88
95
-83
-112
-13
-95
-67
18
-106
-66
51
-69
62
-20
15
95
-15
30
55
-62
39
112
-38
22
-57
74
60
67
101
-84
44
18
-51
14
21
-47
-10
46
75
-8
-84
112
99
-67
-15
38
23
-47
81
80
108
42
113
-10
83
-123
84
-80
106
75
2
-12
123
-19
-66
37
35
12
-73
-86
55
39
11
-85
-88
66
-45
123
12
67
36
-108
83
12
66
112
56
-16
48
-70
-1
-64
-94
-119
80
21
125
90
91
-91
68
114
-48
-98
112
4
36
82
-80
-33
-12
-14
-68
18
-105
-16
-10
66
-71
-75
88
23
-86
-123
66
-90
-63
48
38
-64
26
-16
-40
15
-54
-111
89
-12
-65
-92
50
-86
36
-83
63
72
84
93
32
8
-36
98
-33
0
58
-15
16
108
-70
-52
20
44
-33
-86
75
12
-121
-35
74
68
-79
-95
-121
125
-119
81
97
-16
82
-33
-44
66
113
-82
24
96
-17
-41
-68
-63
98
-34
-101
-34
-94
124
-92
-97
-74
21
0
31
-72
-4
4
-20
14
-71
27
73
59
-37
-5
-63
-120
6
85
-10
-110
108
49
-3
-81
-63
107
98
75
-79
-8
-15
-52
16
-51
91
34
-11
20
19
39
-71
-54
56
104
47
-111
-73
-13
22
75
-21
-10
100
17
44
89
125
36
32
122
66
-115
-42
112
-50
-60
76
79
-87
108
76
78
118
46
-121
15
67
-118
-3
68
57
-6
37
112
103
106
-63
78
-55
41
66
-93
88
-43
46
-92
119
-21
15
-115
74
-48
-21
3
70
7
77
-11
-39
51
-122
-27
-120
-34
-29
96
7
55
113
75
-114
-13
-54
75
104
-35
-11
-91
-121
33
-114
59
-27
20
77
41
41
-31
-117
-21
-88
113
76
108
55
80
-67
-98
-49
-31
107
94
112
42
33
-112
3
-48
-62
-125
22
59
125
-84
-2
83
12
-29
81
-101
123
-77
105
70
108
-74
71
19
-89
2
72
125
120
-73
-61
-4
114
-15
124
13
13
97
103
-28
-3
83
8
55
-101
-101
53
-87
70
-93
-33
89
-6
-11
-39
-67
-43
-14
-22
77
117
110
5
-10
-50
11
76
0
39
101
-121
41
114
2
1
22
60
123
1
39
-49
24
-10
120
70
19
76
-42
97
-44
-109
-64
85
-51
-14
-125
-17
-18
-56
-39
89
83
43
-119
33
44
-55
-41
-104
-10
-14
-48
81
101
102
-108
29
43
56
79
-76
21
28
-40
33
88
14
-6
14
62
34
-54
-22
63
74
72
-96
59
-80
37
18
43
-90
19
112
0
38
-82
-26
78
111
-34
119
-89
105
70
-15
-12
100
8
-65
-102
-75
65
-43
118
-4
-46
52
-92
4
-67
-17
35
81
-22
13
41
34
-99
-111
32
76
-57
-51
119
-76
83
103
-79
-42
70
-74
-78
-103
66
19
37
-103
30
52
-39
-116
-121
-60
-113
-17
-107
-25
-32
-40
26
-85
-86
-93
20
23
-110
-78
9
-48
96
-16
-70
-80
24
-114
6
66
-114
-89
65
43
96
-27
113
11
-16
-104
66
-105
5
-90
-53
77
-100
50
78
125
-40
-102
-23
121
-65
-24
-61
22
-122
-107
88
19
89
97
-77
-21
37
-46
65
110
-122
26
8
118
1
-49
-65
-59
-6
43
50
-100
96
123
-80
76
-107
-62
-89
-46
-82
77
-72
44
4
58
44
40
-68
98
61
-104
84
34
-31
76
87
-78
-69
-64
25
-61
-92
63
22
-113
81
82
-114
26
7
115
61
-70
39
-11
19
-38
105
-121
24
-104
-44
79
58
100
-88
19
-10
0
43
32
-124
-113
-79
48
24
50
65
-102
-91
-35
-11
-125
121
-51
-12
87
14
-115
-121
-57
-49
5
-89
-8
-79
79
12
-54
-51
-32
-89
108
-15
50
-16
-30
97
124
-75
55
124
-5
-31
-75
-106
99
125
-75
32
-8
108
-100
-24
-90
96
-6
124
-103
-46
7
-16
-1
93
12
-110
19
66
57
-121
-41
107
124
16
-50
-92
65
77
-20
-35
50
58
-61
14
-102
5
-37
118
101
-33
-117
-26
104
75
-125
39
-88
47
92
123
98
-91
43
-26
37
-98
66
117
-118
-17
56
-106
-23
15
-24
36
9
-95
125
-43
-67
5
69
47
63
124
-37
7
-28
97
-56
73
-28
70
84
-80
20
15
-103
118
82
-61
124
17
18
43
-107
-41
32
101
102
-76
-65
-78
-108
-95
77
-10
-96
-103
-124
14
95
-42
13
-109
-99
10
-68
49
-98
35
-45
-110
4
56
115
-53
-89
-78
-33
-23
100
-54
19
39
108
61
12
94
-76
29
-37
-40
103
10
-114
25
-74
60
-74
-110
-32
-24
-29
43
-122
37
118
109
-96
22
15
90
50
-104
-85
-81
-15
-53
76
64
-117
0
-42
-100
45
83
-34
-119
-26
-31
14
93
49
13
73
-28
-123
19
125
102
89
-18
-10
-46
-9
-75
78
16
-113
-89
88
37
119
-58
103
-97
-23
-7
97
-122
85
8
1
58
-110
44
44
-99
39
94
23
52
-53
-38
111
119
73
-58
-111
-115
-56
-77
-95
47
74
-96
-91
39
-28
20
-87
-54
-95
-114
-38
109
31
113
94
38
-124
-8
-25
49
-107
-1
91
-110
-30
-89
119
-115
-124
-58
114
-113
-33
104
50
-107
-80
-72
-59
110
85
-42
82
2
-38
-47
-70
99
-123
30
-114
-14
17
88
102
-75
-84
103
52
-48
-78
114
-113
-54
78
-100
77
54
114
86
106
-75
-6
110
-1
103
56
11
-57
-55
-89
25
70
-53
-23
77
124
-91
56
-97
-30
75
112
70
-39
-101
-43
-65
62
101
26
-45
82
76
0
-106
76
-88
25
106
-32
37
-38
-59
-6
95
88
-90
115
18
119
-104
-25
-67
-47
-70
51
39
18
44
-14
28
-27
-60
111
0
-29
-103
79
37
125
-94
-43
118
-42
-66
12
29
90
-3
98
67
-55
57
-110
34
62
-86
-69
-105
8
-71
-64
18
11
93
-118
120
-4
-17
47
-115
-98
-94
-76
51
17
56
-3
-121
41
-16
-67
111
13
28
-33
-39
-85
40
-7
-82
86
-12
-67
-53
-76
38
66
-107
24
74
62
56
-55
89
87
-65
-74
22
-46
-96
-94
116
-43
-15
19
97
70
-59
-125
1
-84
-121
-5
10
16
-95
-120
-22
3
-125
-108
-15
-73
87
-90
-106
111
-97
-2
-55
-68
-114
-35
73
70
124
-89
106
-11
-37
117
16
-6
111
-46
65
-30
33
111
-123
15
-99
22
61
-122
-17
18
4
-85
-65
16
-120
2
-59
-75
76
125
107
112
-73
-96
20
-117
65
82
-75
64
-107
-125
-111
51
22
-103
-93
-31
-48
32
26
9
-51
-68
-69
15
114
90
119
15
119
-53
-116
-102
105
-15
71
-66
89
13
-15
-74
-99
-82
22
-97
-64
122
-2
-99
69
26
-38
51
-54
121
-1
25
-103
56
-87
51
-19
-71
55
78
48
-53
-100
123
-94
-67
-102
-24
-110
-32
7
53
-28
-114
-124
72
-16
17
-20
15
111
90
-104
25
107
4
121
5
-4
52
63
-101
-2
28
98
-72
-5
-34
-44
-101
-33
-84
-116
60
102
66
2
6
-32
-67
-44
-70
-3
62
25
-96
55
85
-111
-84
117
-118
-2
-110
-23
-17
-58
62
-16
47
122
-124
106
7
111
-59
-125
36
-40
91
-91
-28
71
2
-104
75
21
27
65
-58
-105
91
11
56
98
-116
12
63
-73
-26
-36
64
93
-48
1
35
107
-47
-35
98
115
48
111
100
-31
-22
62
28
31
89
-124
-123
30
64
84
65
84
-96
-63
64
-63
-39
-125
18
100
-109
-37
-53
-15
84
95
30
68
-14
74
-85
101
-77
-18
112
71
62
35
76
-13
111
-74
-29
-90
31
5
51
-16
108
95
86
83
-17
-27
-62
-91
-26
23
-77
-97
-16
27
-48
-35
82
-26
15
55
-109
94
-98
40
101
30
-102
92
94
111
-27
-29
-72
-101
-80
-96
77
67
-27
-16
-54
-76
-41
-123
-104
33
-38
30
102
-25
-32
16
-95
21
58
-101
-56
-66
-55
101
-80
68
-89
-98
94
4
-122
22
-68
-103
61
30
111
119
-94
94
26
44
-9
-50
-52
-113
-75
88
-5
94
60
-32
95
-57
-62
-80
-51
83
-123
-51
113
-3
13
40
-105
-48
-46
31
-103
116
122
-88
58
-92
107
-65
-122
-38
70
98
100
94
61
65
-69
47
-8
-72
-21
58
-121
-5
-11
-96
-29
72
-53
108
66
50
-109
24
-111
92
-96
54
7
22
80
24
6
-57
105
108
95
-4
17
-28
-29
-12
57
-103
59
93
93
14
97
79
-96
-1
-62
91
-9
77
107
12
-27
-109
75
-87
-85
25
-43
-78
31
119
102
98
91
-67
30
108
65
65
-12
8
-77
50
74
-59
107
-21
-114
96
28
-57
-15
-102
-81
22
24
51
44
-100
-67
89
-125
-89
18
34
-67
-32
76
55
21
28
-41
-55
-93
113
39
-113
92
-6
18
86
10
-80
75
36
-13
80
-113
17
78
1
57
7
18
-83
102
-68
8
105
-63
-56
80
85
86
-110
-71
14
-34
-70
-79
-43
-63
-2
76
-100
13
-82
-60
-21
-56
-2
6
101
41
-26
37
98
-62
62
67
79
-101
38
66
16
-25
-45
24
28
30
-73
-123
-73
18
121
117
-34
-111
75
-121
-85
20
-19
26
-115
-89
47
-79
-31
-61
44
67
4
-4
-121
-7
71
-21
-111
-91
52
-5
-116
106
82
-98
20
-119
-39
109
-97
-97
115
43
-106
11
-85
-106
67
-4
79
6
79
-18
42
-88
86
70
89
20
50
93
61
76
64
112
-51
30
-22
71
53
75
-99
-29
-5
105
108
-11
-36
-57
82
-54
-18
62
-108
-9
5200 4824
1900 1548
2199 5186
5992 1350
5117 2080
163 711
1475 3657
1445 4328
5254 3482
3608 190
2237 3225
652 2564
1173 3125
814 3942
5531 322
377 464
617 2580
3117 5061
2469 2426
2063 116
4838 4621
3873 2744
4105 3977
4180 2543
1155 5051
2060 4894
4087 1499
1219 579
3243 5708
192 5739
4262 1714
5465 5381
204 4787
1494 4934
3517 2849
1560 3662
5499 2807
4938 299
1115 2642
2791 701
366 4818
4604 5417
4352 4449
3679 994
3872 1331
2145 725
2690 4831
2000 388
2369 2253
2800 2678
4841 4160
650 764
3732 166
1893 2727
3554 2861
2309 4360
5935 5528
4737 4536
3360 2675
3353 2041
5022 611
1016 4364
4614 4161
2710 4885
5104 4121
1185 5101
671 4158
3038 4646
4520 2401
586 4836
4742 2865
4230 1993
1565 565
4194 625
1246 5336
4488 1936
2235 1571
2157 1417
2108 4450
1556 2720
5520 2784
4580 2610
4440 5364
1050 1748
2736 320
4946 4873
4271 1447
1442 2824
3778 3952
5095 125
3044 1848
5493 2111
1712 4876
2537 1778
2746 5463
1425 4494
5851 3433
1454 2447
5387 2089
2409 5726
1604 1213
2676 384
165 5351
1298 1294
516 4657
3033 5077
1128 189
1239 1678
469 1830
4131 5409
537 1995
2597 949
1447 973
2361 1451
5954 4903
1600 684
236 3933
792 5744
2719 3416
5309 4753
540 753
5983 4351
1075 4284
5222 2502
3410 3912
995 1868
4065 1860
1817 3583
4781 2180
4860 1758
83 4163
2969 3943
96 283
1622 4161
4967 1203
5915 2075
2034 4952
161 421
3660 3392
2938 1357
5327 4475
962 781
5577 1898
4756 5874
3445 1237
4128 641
3223 3255
1323 2805
5000 5469
39 4444
3443 2063
1253 3810
5998 2142
2632 1054
3469 3023
4508 540
3363 5046
711 1371
363 2742
2478 5448
2615 968
347 202
1558 587
398 255
5419 5035
994 2231
1420 4373
4386 2960
552 3849
5003 385
2284 481
4515 3260
3016 4258
1930 1693
5677 3280
3280 2680
5658 838
3784 5074
472 1590
859 2494
3410 4238
2448 763
2905 1532
4538 1276
5239 5780
658 3384
4930 3327
3703 707
5668 5686
1156 4637
280 655
849 3929
4455 2023
5244 5793
5156 1185
3529 3704
2917 2206
3207 2576
3412 2733
5398 1422
3652 1205
1830 4618
2663 2145
2513 5291
3055 779
5931 2690
2436 1804
569 4469
614 3730
81 4192
4004 3619
5696 1751
4236 3474
625 2575
2419 3424
5276 2813
5271 2644
4526 1183
2243 3774
4776 3098
803 4392
650 2404
1145 5454
4753 2323
5023 3184
5726 469
3678 2629
2041 482
3550 451
5830 3262
2447 540
1719 2547
232 4954
2834 2847
4238 3615
1556 4202
887 790
1478 2699
4607 5822
639 2427
3226 3944
2155 3354
2811 1743
1707 4192
2629 2488
796 3671
1680 3114
4428 471
5487 5167
1850 3906
2111 1323
2078 658
1634 4109
4665 1791
2829 916
5166 3237
1118 211
3889 4245
771 2744
5230 2395
5127 810
2045 736
3646 4129
2037 3345
3875 3418
1519 3488
3903 3579
957 3433
29 660
2234 2264
5020 1767
2659 889
3253 361
5527 3536
3197 2441
379 3050
1821 1280
1105 2691
4768 2666
873 2681
4125 1556
3096 2321
1318 86
809 5481
4640 628
2290 5534
5892 2431
1144 3967
1765 177
677 5521
1699 1433
2312 4869
607 3171
1886 4599
4512 2988
4657 2904
5781 4532
846 5501
636 2805
4874 5737
1923 4372
5479 5849
893 3989
5108 271
375 4548
4563 1330
3387 1345
1888 1476
2965 2395
4542 5891
5844 2992
4339 1956
1043 1475
5111 5421
3801 256
4089 4049
1917 125
4995 2754
3742 5777
1663 1122
3763 5305
4650 2618
4110 2056
5352 1711
5798 5807
1304 5297
933 2989
3497 1462
2463 2617
317 5303
3796 3214
4317 249
4088 2294
4110 2463
2593 4922
1154 4446
5120 2921
4018 945
452 4471
186 1934
2827 5831
3717 2680
2987 3388
4939 3494
3248 1901
5896 741
342 2712
5119 2921
4714 1160
5102 2186
3404 2809
2548 4460
1832 971
1521 5167
1269 4517
1261 5881
4428 2605
3868 432
5181 2853
2863 4109
2656 2376
3358 1389
5896 5573
3446 793
4732 1178
4637 3033
1336 4149
4046 1829
2865 4744
3793 1740
1384 1915
1913 2040
2561 2134
4389 5313
4661 4303
3167 2577
1365 497
5529 969
3647 1646
4250 578
1894 677
2083 2182
1053 839
4006 895
1076 4631
3081 5952
5590 641
1639 5651
306 605
5992 4915
1609 5683
2675 5084
5640 4128
3009 3103
4294 3034
1571 5738
4607 625
5958 1639
1955 2871
950 5988
3673 5201
5409 4691
3720 5694
94 3331
5399 3304
5166 430
3410 5496
4369 2100
5632 3007
5244 1945
4500 1634
3450 5882
2401 3701
3024 5478
3713 3724
5094 650
2215 4894
3810 2141
1572 5099
5399 5214
4391 5695
2478 3883
5720 3735
1699 3011
2615 3812
5460 5245
3968 5133
3318 2603
1922 4154
2121 3674
1200 671
2348 1643
4920 4325
467 391
2450 2671
1832 653
491 5883
273 2592
4931 1416
3041 5648
3443 4327
1424 1589
835 1941
3071 243
635 1175
1399 3962
1560 1239
2786 5406
1586 3983
269 1287
1628 3715
603 1145
5259 4148
4509 246
4170 3345
2161 1826
1629 1745
4217 1928
2277 5023
1998 828
196 2597
4020 448
3905 4749
1407 2363
5134 531
2486 1814
3880 4862
616 5241
2607 3873
2620 2134
1303 589
1293 1347
2269 1434
4998 1742
1438 4373
5082 4060
2309 892
4759 835
1619 2776
4908 1385
3140 2506
5400 1021
2255 4697
3701 868
2334 4619
886 3606
3696 2
2828 5690
3115 2633
5471 879
3734 3007
2235 397
4101 2707
169 5659
4054 2689
2144 5330
3996 5851
5371 2786
3001 2364
2620 5476
4130 2585
3665 1616
1454 697
2855 2015
1503 3990
349 3555
1012 5428
1066 1510
5518 2562
113 2752
65 1343
5667 5501
5981 5919
533 127
3870 3566
5524 4192
1729 5380
5559 1178
185 5577
389 538
2656 795
5494 4514
2929 4701
3342 1983
1926 3618
4231 5082
477 4923
957 5650
3265 702
5104 3818
2886 3960
1798 3359
1828 2483
4784 2910
232 1035
3838 1315
2151 5741
708 5636
2341 914
1759 4687
278 5211
1011 914
3922 3101
887 746
4830 5599
4612 1773
2504 2529
2217 539
5635 319
1330 3026
3140 790
5610 226
3916 4167
1711 5330
4376 1178
709 1872
1109 3316
4718 3646
1928 1804
2328 3739
3085 5882
1591 4735
2221 2513
4789 2507
3318 2416
5735 5808
1030 5283
4738 3296
1303 4815
2926 3138
3362 5325
1513 3305
3149 5782
927 5207
599 4289
2777 1262
2021 1001
2195 1512
2270 5410
5379 1719
2628 2477
2614 2367
2452 3514
2717 1763
5712 1069
2393 3437
2666 4052
2882 1202
1940 1400
526 1893
1238 531
2192 3931
1520 1809
5583 511
3616 1274
1849 2151
4902 78
5128 183
1462 3970
1667 4852
5966 3722
5464 3900
3625 2007
5529 227
4147 67
3716 3601
5886 2299
3927 4811
4276 1501
2996 2974
1966 2881
4690 2692
4132 2973
3748 32
4854 467
5709 4236
2475 2206
4500 3333
2311 1629
2021 5493
322 4623
3704 1521
1623 1152
1798 180
5179 979
2217 5740
2527 2336
5619 5444
5430 3551
2722 1058
1691 774
1586 801
3533 592
1940 2610
4300 3151
2158 3630
4137 3011
3314 3215
3961 4907
5011 1536
1931 555
3574 1713
5242 1999
214 3728
4260 5615
4378 4469
3004 755
5275 1885
5021 5129
1536 1433
672 1828
1132 3415
2080 3352
4379 3073
1452 4404
776 2821
124 4110
2243 166
2024 5253
818 2848
4438 4067
3589 1073
2562 3761
142 38
1475 3936
2817 4340
1707 3637
5368 4377
62 4405
3578 3553
1847 3506
1389 1197
1704 2004
1641 897
2593 4971
2399 5789
2435 1523
2074 1278
3637 5401
2485 5798
1782 5310
2926 5466
2724 2650
1145 490
349 1570
2599 2710
1172 1101
5912 3038
4502 2468
2799 4843
333 3352
2854 749
308 936
1026 21
4236 5075
4295 3380
5183 2650
4479 1010
244 3658
3511 4179
1555 4425
1211 200
4953 5870
2499 3170
2701 1606
5758 5772
435 853
2542 5914
2001 970
2019 2140
5873 3206
493 983
807 301
1708 3542
5827 3246
4603 3853
953 4416
3725 511
1919 1213
4837 2400
4838 3700
5404 2285
525 5417
5215 1146
1810 3392
2871 5772
1562 4010
4158 1721
900 5711
2622 461
5001 4557
1788 3135
1862 4399
3301 1426
2301 3857
935 5216
105 435
1635 1044
1265 1549
2322 2295
5150 3379
5014 4654
752 3960
834 1761
2062 4039
4540 2463
2493 687
4130 560
3028 1103
4571 1867
1373 4787
1568 858
1277 4606
4427 4315
4056 1545
5774 1656
4559 1514
2886 3352
699 1016
226 1879
3247 4782
2863 612
5609 62
86 186
2313 4968
552 2818
4837 2011
136 3478
1788 715
1066 3960
2266 4420
1339 740
459 1022
4241 2036
2627 5233
2964 2371
4829 1611
3998 2804
2083 592
5039 980
398 5537
1267 4093
670 3792
4504 2748
1116 370
1386 5909
4766 3750
785 4277
2091 4998
5679 169
2496 4620
610 749
1234 5607
433 535
1156 749
837 1430
5387 4226
2821 1109
1584 954
4694 4484
2934 5820
4530 2457
5934 137
4505 5442
2119 251
3270 1582
5769 2512
5652 1437
3540 953
1200 5366
340 3262
2720 4168
968 4165
3092 114
3027 1043
5660 5254
4498 257
5419 427
4112 1666
123 627
4791 693
2240 5709
3879 502
273 2380
716 3546
1412 3687
1579 3115
4393 5345
2716 5584
811 188
3951 5696
50 2074
5416 5976
5820 4549
3917 4988
2653 1440
1474 1643
4516 5277
3298 1670
5585 2432
5777 5153
724 1491
3856 1851
5719 2028
1793 2123
5711 5244
1275 3275
4671 713
3952 2682
3277 4078
1933 1773
41 1937
657 1061
3179 150
2930 3191
860 434
5933 647
568 371
892 2502
3491 494
13 4831
1610 24
960 1164
2795 2313
3953 2254
2647 1406
1479 3181
694 4926
716 2317
5548 1952
4719 4193
1067 4443
5974 1380
457 1213
2375 3126
3428 544
4777 163
867 3642
4166 4539
2318 4308
2388 4445
4097 4221
2917 5701
4412 5359
5611 2184
5023 4979
2576 4365
3333 4961
1045 4271
1214 3275
3033 2336
4946 122
4141 1680
1922 4504
3557 4831
4369 1808
1345 2415
339 3811
1805 4541
1460 941
422 3313
2780 55
5918 1187
1250 1710
3410 1953
2207 1875
4794 3007
4389 5924
976 3886
4992 1852
4533 32
4235 2375
1568 3963
3397 5064
3672 4700
261 1358
4885 4526
3612 372
898 90
571 392
2757 4929
4117 2703
4321 265
4262 1559
5580 1156
2835 4828
3997 1623
132 1551
617 1529
5840 2932
1854 2971
3400 5211
5551 4519
2550 418
4401 3371
1207 4857
4053 2344
3399 1510
1320 2262
764 153
1063 2043
3830 1570
5591 1340
2437 866
1171 4498
1547 3200
5655 401
3923 2317
2861 1397
1939 4585
822 3278
2302 3240
4460 749
589 4879
5925 5711
5023 3748
5194 202
590 4885
1689 3014
2756 3223
1800 1358
3710 786
1579 5063
3808 10
1911 1440
1737 2258
5288 4618
857 2588
3952 3337
3536 2996
1313 2812
4328 1902
5325 234
1813 3341
2940 430
5324 4581
2958 1236
66 2371
5937 2052
5191 1004
5077 4799
4146 1491
430 4455
1871 3935
1162 244
631 108
1396 4788
430 3553
2696 3379
2738 4642
5959 5931
4834 1814
5150 205
894 540
3474 1489
1134 4762
3694 2267
3446 406
2849 3646
1736 5528
306 3173
5578 2063
53 5424
1241 4691
434 1980
2686 3324
5332 118
2144 1009
1071 209
5322 5171
5974 2517
5167 1499
3916 2043
4459 5649
2649 4071
2540 527
4719 1541
3857 4309
3902 3223
5602 2686
1717 2093
2752 1987
4681 3382
573 2702
1003 2599
5487 3746
5189 5306
1441 809
5013 2968
4091 542
2206 3097
532 2380
4395 2635
3029 4358
1365 18
47 425
4679 879
2112 4831
2831 1604
4066 4181
5576 2599
3604 3807
5607 1813
109 2571
2146 2825
4254 931
2327 4653
887 4679
4140 4384
2733 1322
3763 2360
4507 4476
4737 906
4486 2888
1646 1992
3798 414
5311 842
433 2036
5987 720
3178 4809
5291 2503
1706 266
862 4922
2014 3768
1419 3659
2082 2378
992 2594
2139 623
4730 917
3371 790
4190 4473
337 4818
1848 2904
1279 3640
290 2035
5888 1835
1384 2762
521 2362
2393 1113
2943 2439
5280 437
3338 1068
2147 2392
729 4634
3852 5529
1878 5234
5031 3536
2715 327
5179 2696
3525 2963
3516 4022
871 1337
1872 2841
1010 4795
705 2994
5636 3933
2195 102
1775 5001
1830 2609
1292 5957
3645 1229
2127 3746
2240 1156
5357 1254
3184 5075
3099 5645
1865 5967
760 1291
4396 5548
3870 5813
1390 4284
5285 5472
5915 1445
441 5386
1375 1430
2237 24
1542 218
4783 223
626 2638
5150 200
1326 6000
474 925
5809 5417
4506 3817
180 3405
36 192
5239 4799
937 1961
4385 5898
5998 1493
87 1294
4434 3947
3327 5800
5357 626
2966 2773
5142 2675
958 376
200 3645
2555 474
598 1787
336 4033
2060 1844
4550 309
2408 3057
5901 5534
120 196
3078 2434
150 4822
1904 2686
3905 513
3073 3842
2078 5408
5320 978
5375 3477
4513 5962
5379 57
328 2467
735 441
1585 4675
2602 1326
3575 601
4559 1197
1892 3337
5342 1729
4065 2229
2260 742
1966 4989
2093 1880
5236 1991
103 1387
5897 4035
1657 4860
3972 1913
5699 1559
1649 3252
2424 858
3479 3218
3609 2570
344 3516
2900 661
953 2724
333 3304
4163 1773
1787 1250
2650 239
1639 2248
4892 5098
5168 3482
4971 2683
1138 838
2014 3645
3400 3420
197 914
880 4914
2988 3507
5407 1592
4066 35
2580 3486
5690 1386
3457 1125
1393 1185
5943 1460
881 3050
1809 5356
4918 1266
5780 4750
3920 5257
3061 2459
1272 1857
1755 3964
3110 4869
1607 1716
18 508
5538 3714
3305 4206
4022 2331
1650 3238
3359 1559
1826 1112
3939 4667
2221 2790
432 600
5646 5278
2788 177
5065 1158
3235 754
735 954
3941 1439
4082 4821
4750 5707
3273 1934
5634 5675
2725 1909
4472 4842
5349 3999
78 5278
5944 2558
446 4058
674 5156
431 1989
288 3497
4559 3915
5391 4603
4240 4851
4345 598
5840 1249
1058 5765
4605 413
3042 1351
5481 2275
116 2213
139 2268
270 4978
2182 3325
3986 4596
5533 2223
1077 3267
3047 2447
109 5216
2336 791
5553 2568
3744 4028
1163 3449
3408 3017
145 4659
4826 2124
5989 5282
801 5471
2201 4636
5153 2506
4071 1094
1031 3495
3152 3500
100 2646
1891 5680
5150 5778
32 3171
711 260
61 2226
978 407
3162 34
4564 2715
640 223
2600 1630
2927 4754
5574 5464
4920 5169
2324 3797
1352 4331
2124 408
4007 3444
368 3550
2767 4414
764 1297
3729 1129
5644 719
4644 4620
5758 3514
5407 4612
5768 1472
2457 1964
45 1966
5727 4366
972 641
2102 1609
1609 5693
4162 3444
3537 1826
4326 785
3240 251
4109 214
965 537
2728 2664
4320 48
2664 1048
1466 4175
5919 4771
5406 1846
3186 5252
3463 3987
4018 285
4355 2366
2636 5175
2198 3238
397 2342
5554 139
2185 560
1125 1965
3902 4591
1171 5140
5525 3156
1317 130
2329 5855
3346 2231
3035 3420
3982 243
5764 1488
2705 1281
1372 3621
2521 706
555 2850
898 2807
607 4271
1540 2483
1310 2696
1310 5520
604 5279
2338 945
1054 535
4097 920
3440 1950
2872 3034
1428 3450
5547 5199
2124 3559
4369 526
4730 4720
1776 3400
1365 2941
4251 2324
2447 3451
5049 2443
5718 4626
1240 676
4583 1539
1201 1939
5609 4017
174 5198
3145 114
1849 945
5074 1557
1303 2514
2736 1462
4005 1431
2117 255
1761 1702
5163 738
2476 1069
2954 3589
895 2132
5292 3468
1980 3519
3184 5517
2086 2792
477 3760
356 4173
1447 2134
2273 934
5206 3532
1944 1242
4021 1856
4270 1282
3192 771
2528 3550
1906 4655
639 263
4373 330
5833 4116
1611 604
5274 4321
102 4382
1891 2141
1203 3443
3465 5730
196 3259
3265 3243
2509 4710
4603 2641
1855 2246
3916 710
4132 5800
3201 1542
4442 3077
4705 90
4772 1523
562 735
5517 4305
5822 2167
3502 51
1223 5599
5345 1147
1721 208
2983 4505
3583 873
1896 964
3897 669
2697 3257
1772 1353
1699 2228
618 4634
4353 4477
164 3740
873 4804
830 1173
4543 1391
4514 1683
4183 3571
5303 4979
2346 258
5890 756
4106 1365
3806 1611
3401 2586
4936 601
231 5247
606 3002
5243 224
298 4719
2212 1020
1370 910
1264 847
5842 4807
588 4316
1619 5227
4237 4473
205 3817
4703 1296
755 5625
3548 2066
2510 1100
3711 3775
549 3283
1065 4548
571 1039
1620 5508
4746 1497
3799 1130
2031 1316
793 2573
4053 2224
1033 677
5831 3727
2253 782
4704 5325
1177 1002
165 1884
5699 1788
4102 5933
949 1490
752 2982
4610 226
4038 2816
1325 3673
674 2464
454 639
3302 4841
3382 191
2536 5680
3677 2950
3390 928
4298 4794
2341 1967
1643 2205
4233 4705
2293 113
5840 2347
1046 3006
2871 5418
1753 1235
3986 1493
1275 5290
606 3248
2364 590
249 3779
5783 1105
1092 251
3189 25
2103 815
1342 1818
3990 3717
4162 1275
227 3382
680 3858
2484 3615
4965 3296
1879 858
383 5637
1283 3980
3634 3243
5824 3648
4963 3190
170 4404
3635 3839
1442 1107
2182 5597
2198 3155
4964 4085
1234 5247
1312 4659
3590 1623
2343 1434
1961 3926
492 2200
431 405
5746 4542
4584 2591
5496 1326
1529 405
620 1173
5278 5970
201 3612
2224 4801
4771 2217
1875 622
1701 235
1748 2954
4009 4407
3233 4355
664 4140
457 5955
594 5598
3238 4824
4320 5969
1848 5028
1399 2451
5764 3750
5792 5647
5516 41
3927 3295
1329 635
3888 514
5830 3952
2353 303
3927 2712
1388 1561
1849 2431
2971 4387
2196 1619
1649 5286
4191 2955
1966 3888
4907 4006
1235 591
2834 786
3511 271
4001 2094
2105 64
5252 2562
2968 2235
5665 13
5967 5670
872 3695
3476 4070
2025 392
4660 2549
2327 2161
1815 5493
3947 4746
4394 3971
4715 1619
5340 5119
157 1791
2168 1164
2743 1558
2485 339
1001 26
1595 3084
1101 4444
2679 1903
5757 2544
2576 3207
5174 3454
1643 2761
4284 730
5020 261
1775 118
2270 4074
524 5735
3477 430
38 2085
1970 4238
182 967
4582 3826
4657 975
4651 2629
4585 689
4511 580
359 10
5186 981
4247 5630
3986 4266
4404 530
4053 2390
294 5148
3624 5887
2025 5048
2757 116
1153 1500
3593 2561
2506 414
5431 3249
4628 356
3463 1700
2655 2301
4916 3697
1859 3102
4517 2508
5844 399
1785 348
4516 935
248 3735
1529 21
3223 2415
5712 273
1180 5361
5858 2722
1332 1322
2935 130
786 2397
5080 1167
504 5780
4537 1250
2954 2611
1574 5333
5761 5251
5469 2753
1646 813
525 342
640 5364
5197 2847
2247 169
2769 228
4634 4665
5480 5969
2950 218
4729 1512
663 1286
927 5395
3532 2375
5459 1308
3478 4195
1129 3168
466 3834
5997 2481
856 4686
4032 5532
4818 3873
605 3019
1120 4118
2705 5819
4011 4113
3243 608
74 5136
3840 2839
834 5470
3601 364
240 534
5329 270
476 453
2242 1744
4918 2659
5872 4625
3268 3235
5744 3854
1312 312
3673 5606
5451 4906
3572 1023
5686 4202
5473 5335
3795 5747
955 3678
5319 1874
3900 2290
1331 2663
4867 4266
2611 5819
2533 567
2631 2884
1409 1255
1232 4600
4681 2940
2333 5295
3982 3693
4886 3915
492 1548
5240 5692
1478 184
4723 1615
834 4979
5504 167
4024 3478
1992 3727
3527 5316
4289 399
2137 413
3641 4429
5416 1412
3608 453
4513 5619
97 1500
1256 428
345 1666
3980 723
5964 2950
284 1771
2124 542
3178 5950
5851 1735
527 4514
3211 5226
3471 3512
3267 3968
2494 1830
3045 4359
52 2631
3246 4901
2285 2609
942 4204
5812 3432
2521 1327
97 1313
3437 2004
1104 5081
5716 682
132 5015
5020 4989
5035 4640
646 5176
996 5914
1836 5466
5263 930
3462 4621
1492 402
911 5250
102 5277
147 2449
1049 3469
2811 5408
4354 5567
317 5201
2638 4893
5694 2417
1766 5949
3977 5038
161 5671
293 1337
3354 2781
5377 4188
1555 3638
4323 2622
1595 4364
2562 580
3612 2551
5200 4554
5560 1240
5724 2947
2037 2667
327 5182
5142 5655
3734 1561
2157 487
4775 4170
2382 3278
5127 5387
3013 5063
67 2310
3274 4555
1758 706
5651 4855
5442 5580
4667 5996
4139 3369
2178 5608
1136 59
3958 342
5427 5778
80 4034
1835 3877
641 2351
2352 1794
95 636
151 1410
2203 1620
2926 1904
1493 5125
3499 4331
3394 2563
1568 2170
2445 1134
4689 5536
315 194
1465 5745
4723 3662
1610 5939
46 4295
3891 472
1963 4301
3239 5195
5527 2621
2300 1977
859 4553
1681 2530
1542 5734
1523 2543
540 2948
3442 1671
4095 5923
1600 5773
269 2404
1353 2780
4282 701
1625 5814
2240 3218
1579 3112
1396 4224
3310 5747
699 4315
957 4999
3453 1435
2718 1776
1705 2130
970 3461
5257 4609
5247 1967
135 44
3443 4231
351 5531
3402 5699
3943 227
4538 2483
45 4692
893 598
1360 35
1878 274
2785 1659
1368 1876
267 4048
435 1317
1537 2933
96 686
359 2814
3375 5229
564 2040
5806 1032
3783 1384
2605 4497
1015 1585
2257 2635
2879 2554
1350 3532
970 2463
424 5876
1787 2982
883 285
288 405
1337 5619
2215 2163
4996 2885
1010 1388
2925 5740
4632 729
621 524
2396 5599
577 4058
5458 5158
3699 5821
286 4269
5879 5367
2751 5196
3251 5285
5101 1835
899 1637
1135 1985
5275 5720
1856 2495
1582 1544
5826 4750
4847 2108
819 5958
4999 2250
2992 1121
1302 828
4791 3567
4157 5430
5809 5403
2059 2182
5648 3933
678 3709
4709 3394
5836 894
1814 2649
107 1188
4094 5151
366 3129
2997 1790
937 3460
4305 5393
3191 5186
1853 4443
5953 5704
4537 1529
5714 1176
4914 3173
2841 1059
2227 1484
5119 2206
908 738
794 4135
1859 85
4609 2409
5417 751
1312 655
3150 5680
5518 5398
1382 3819
1933 4550
4205 3487
978 2178
1658 5930
4294 5166
3905 4265
3452 4864
3707 482
212 1178
4009 150
431 1415
5415 97
5012 3060
2206 5364
3554 2609
2140 3446
3799 3656
3784 4102
3729 1741
1488 3107
5907 4534
4885 4496
3050 717
858 1666
4897 4900
1289 3467
3505 4249
2567 1453
2429 5226
3849 2279
4157 602
5126 676
456 3429
2863 4948
4968 2752
5789 1514
5593 3460
9 4152
2947 2253
2786 2904
888 3070
4442 301
4159 2424
66 2505
5922 3194
4615 5776
837 4874
189 4156
2312 4373
3500 2051
3583 3812
5255 1718
2464 1264
2276 123
829 2903
3225 717
4962 1087
3604 1667
4305 2091
2879 238
4124 2796
1201 5351
1459 489
5720 5672
2511 177
4213 3881
4046 160
1129 5423
2368 1521
383 816
5505 2436
3225 3850
4168 3536
3840 1028
1743 42
5286 1541
1172 2119
1535 5252
4239 4686
5423 2303
469 5393
1381 896
716 1677
1960 4397
2192 64
4417 3551
1366 2796
5146 485
1984 329
677 1066
5392 1247
3344 3364
5632 275
4935 1407
48 882
2778 4265
2801 524
2609 1999
2307 115
5614 4008
26 4821
5698 5632
4230 2101
1122 2104
4930 3633
2267 4908
2525 1312
2724 4725
1880 170
4419 1264
576 5132
4882 302
1628 5867
435 4542
4649 937
5266 2456
228 1671
1706 4347
5959 4346
5371 1482
2264 2641
763 897
3534 1717
5338 3471
5494 2961
5162 1647
4165 597
302 1527
1342 278
5554 2628
5463 1176
1869 2773
2359 4286
5314 1128
5842 1393
653 1298
5209 2800
4172 4595
2699 3351
1947 4585
2320 1603
2804 1668
5512 5380
5223 5882
1535 100
4823 3275
4820 2807
453 823
5787 132
4625 2463
2751 2051
4270 3530
1260 4119
1734 4777
5884 45
5854 3581
175 2534
2378 1351
4433 4226
1604 4144
4839 1933
5097 4250
1914 3983
4596 71
5543 2158
5904 1449
678 5767
4376 2985
2650 4861
4081 2667
72 3969
4907 3106
1611 754
2611 3936
5864 2518
5485 3921
317 5706
5088 4233
1519 3191
4418 2811
5701 2646
342 5468
2271 5862
130 4839
1579 4779
3078 2705
3672 5464
3498 5104
220 1520
1928 3416
5092 5050
1450 2422
4075 835
2740 4192
3836 3864
117 1405
1835 4596
2827 1585
4225 1063
773 4332
5750 3720
5980 3780
2373 284
868 1119
26 1880
4911 693
2062 1251
5860 1685
183 4991
2622 472
5417 3306
2439 4579
2722 5568
1639 4081
4661 4275
2088 4768
1909 253
2204 4298
4052 2053
4032 5527
5324 369
4306 2657
5534 1195
3154 5816
2986 3175
5301 4167
2398 996
5904 2359
2642 4609
2755 3682
1283 4273
4403 1355
5694 5970
4396 1276
1408 2571
551 1072
5916 5316
4089 1410
4924 2362
5852 5285
4027 3107
2738 2358
4803 2286
2646 671
4915 1327
2614 3102
2451 1242
126 1061
2090 3022
4598 5554
3792 2276
64 3026
1568 4840
5626 4738
4000 4407
1483 4630
1124 1065
2283 4269
3775 5938
5043 5205
5292 5587
1048 5499
4109 4006
4210 3222
4977 5050
546 2581
2139 4251
4755 1029
1553 3318
3983 1943
5650 1323
5653 3986
4827 3588
1290 181
1580 4117
5087 4784
3030 1509
817 5251
1320 28
150 2774
3579 2717
2134 4091
1274 2214
584 1089
646 3381
384 1707
3113 814
2517 2321
2425 234
503 2980
2368 866
3008 5527
3657 540
1146 413
269 5717
2754 2718
4016 5248
3724 1502
2373 4062
1128 5743
825 2222
4979 2997
3518 4455
1536 666
2710 5588
360 3844
4340 5167
2656 2692
4669 4081
4651 3329
3028 1816
4143 1652
215 5354
3068 4676
5268 2330
970 3893
1104 1289
3154 5229
1113 4462
1488 1191
3674 2025
1463 860
1119 2340
4118 2830
4298 2091
1642 3718
5253 4014
3748 3009
5305 2772
380 2695
3839 4194
4774 4509
1236 285
4916 2731
1730 1692
5692 2591
5885 642
1340 867
3451 650
1867 2093
1048 3091
593 54
1720 3870
2778 286
2686 1030
2038 5390
2157 1472
4213 2925
2173 5474
5202 4583
625 1945
1245 1930
5574 630
3213 2387
3662 1769
1846 1465
622 5552
3207 3256
3861 1121
3751 113
3262 1911
2578 5504
4343 3386
574 2543
5139 610
4179 2313
5101 2124
5626 1104
5246 3134
4004 3923
4737 1240
4383 3530
5765 2507
2581 228
4691 1375
1269 2420
4368 1759
1766 1767
3941 568
5689 2361
5630 3235
2639 5433
5887 1774
5787 3610
2141 3393
4024 1659
476 479
3278 937
5653 12
1201 2322
2347 3647
475 5966
382 1640
5996 5354
2847 1059
3631 677
3573 1917
3838 5903
2063 2150
1528 238
5771 1368
514 3762
4103 2616
4716 5932
4038 1914
326 571
2853 361
2290 1879
1182 407
2891 657
2541 1234
5623 5690
1937 1481
5193 2595
4293 1613
3194 917
80 811
1945 3618
4425 4648
1888 5596
3567 4782
1833 3525
3049 1815
2481 4582
5849 3479
4700 5284
3158 1951
4361 4128
1658 4078
1047 5437
665 4395
1672 2871
4819 497
5413 1059
1372 682
4530 3841
3466 2511
4532 2649
1198 2478
4592 2869
4967 2990
1669 4059
1187 1167
5389 2319
4408 5045
208 1734
82 1671
698 4925
4942 226
4478 5131
3222 1300
5227 3412
1389 5718
4158 4160
3918 2233
1480 2363
1392 3636
5905 254
1005 2252
796 4958
131 5814
2877 5540
4106 2025
249 1501
903 4056
2093 1331
4912 2190
4338 2187
4033 1114
1679 416
2175 1294
2543 1520
1947 2370
1973 357
3801 5214
1981 1271
3506 72
2949 4129
1879 2379
1148 4321
5895 1833
441 5139
3730 4913
303 1040
1294 4596
5152 835
4058 4357
3264 3628
2194 3168
4139 5305
3426 3469
889 2386
414 996
3248 451
2434 1362
5531 2239
613 2429
1867 2483
5315 3973
5803 1513
1340 4924
3400 1439
4775 4455
3664 2039
1195 1797
58 4016
1615 5071
5543 1189
1007 3857
3527 3444
1922 713
2543 4177
2491 973
3337 3740
5197 5745
669 1680
4306 1577
639 3310
1421 5564
2313 10
1519 4282
3850 3859
2919 5487
2207 473
3709 3112
3697 1258
4849 4341
175 3118
5695 5152
589 1268
4486 782
205 748
4601 4291
1246 5670
2678 2763
5090 3787
933 2902
5796 187
1779 5587
1529 5094
2144 2080
2902 495
2837 801
1731 2414
1898 143
4751 2645
2951 3507
5796 3221
602 2132
60 4497
1112 5308
4419 2291
3479 5266
1871 1262
523 3348
1166 1205
5439 3266
911 2202
1399 2051
756 4248
4276 2146
341 1125
2712 3753
4905 3203
3418 3649
4081 2678
3644 1097
5573 4971
1467 2933
3443 102
1063 4457
85 2860
5460 3270
5955 4179
5631 1923
408 870
437 3920
3881 1950
2241 5991
1540 5629
3204 3189
2005 2621
1082 4200
4063 1641
3642 5560
3113 5402
1199 2938
4566 5412
341 2947
2426 5138
4517 2426
2394 895
1333 2946
2515 4806
4665 2102
4717 5037
3775 2582
689 4414
4586 5025
2249 2182
1020 755
2872 1377
1082 529
1434 3046
1419 1874
4412 542
4161 2208
959 235
2043 3263
1081 3367
3930 1374
5837 795
5522 988
684 5361
435 4461
1036 2843
121 221
1176 3621
5521 2531
5592 776
2302 2490
2162 1537
1018 2556
3665 5170
224 3936
885 984
4634 966
4539 3565
1270 5056
2703 3214
4031 963
2639 5167
5433 2382
338 13
1372 3499
3720 4756
565 3188
387 1251
5433 1399
4615 45
732 2284
3854 993
1730 215
4544 3916
5347 1690
3921 4941
5892 701
5050 297
947 3456
4204 3345
3683 4783
1811 2897
58 151
1192 5258
103 4841
5225 338
5463 2652
5613 4410
4057 1096
2114 3712
2353 5121
4906 2262
4891 944
1110 1747
1393 680
2481 2393
318 215
1168 1783
5363 5356
376 4351
73 392
5456 522
5977 1176
4249 5771
5273 2690
364 3649
2088 4301
5922 273
1787 1142
666 1556
3769 4321
5798 1613
5028 1964
1639 4989
4265 5034
2667 4538
1050 5903
3347 4509
5641 1015
1242 3756
456 5324
1875 24
5391 744
4162 3127
2926 615
2414 4900
275 4897
21 4981
686 3142
1152 1997
2356 4442
3721 3508
4321 4932
1483 740
5792 818
3768 5797
2272 1359
385 3195
2303 215
2513 4350
4074 3626
3594 1019
1849 5488
1637 5385
2517 5964
5412 2350
427 628
2123 4467
1061 2144
4222 3717
2503 3024
1164 4542
1271 2403
1101 660
4368 3509
1255 5759
3817 5544
3223 1985
1234 4663
5599 4929
4094 5591
666 5192
8 4127
4920 2768
5567 1146
4774 1850
4115 4634
3229 5551
5589 2399
1311 441
2634 440
3133 4083
2625 1145
4396 3470
1605 4782
1017 5701
3188 5822
4011 5731
5665 2036
5016 5284
1719 5418
4123 841
2175 4135
1924 1904
4020 3467
5152 2932
4117 5848
1818 2496
3323 2612
5522 5978
3643 460
3469 1470
4078 1562
1086 4007
5631 938
84 1798
5285 314
1331 2460
498 1504
4135 2362
5706 1601
998 4123
4104 2366
5910 3696
4622 3537
784 77
5532 1641
5155 754
3 4659
539 4429
2714 1978
883 2845
1152 2896
472 842
403 5581
1680 899
913 3734
2076 2536
4621 4114
634 5290
1588 3386
446 4703
192 5455
3505 986
5020 5600
2634 4699
922 4555
4941 4643
98 564
3233 3723
1643 389
1303 709
3487 4677
2151 3826
5658 1771
2749 2102
3171 1028
4548 4857
2046 356
2113 5583
2305 3513
3412 3658
4998 3094
1643 623
481 895
4311 134
1010 48
3442 2662
4701 5107
5537 3249
4712 5506
103 939
2676 3513
4747 1905
5488 2592
1963 5944
922 2936
3456 2675
5191 2275
3603 4969
5782 1641
2481 1477
1568 2632
5467 1152
1410 1883
5857 1821
5550 5278
1009 3059
1759 2993
4170 5744
2412 5900
37 3148
287 5042
4662 4252
4485 1337
2832 3240
600 889
1063 5983
2044 3538
4906 3482
1592 35
4048 3998
1142 4072
4705 4165
3964 3028
3561 3407
3451 5039
2713 1493
1703 4418
3775 959
136 3777
2567 4054
1425 1671
1921 5180
4208 5193
4981 2171
3573 1699
2821 2460
5958 2664
1362 5945
3186 121
2209 4757
1509 4563
1294 2490
523 1517
3010 5426
5832 5346
3906 2170
3096 429
5000 964
1330 2738
3078 1725
4338 5653
2504 5327
4743 549
1609 4535
3978 3112
1177 953
2689 1277
2013 4866
1827 4974
4967 1423
5069 5589
1176 4332
2804 5936
19 5600
5883 648
5044 3863
3223 382
2897 2479
4673 551
1936 2519
1709 1786
5609 2293
4137 1783
4797 1799
1975 4827
2487 2013
3774 5073
3634 2501
5630 1451
1547 646
611 4417
2120 5217
5148 4713
1417 2932
732 3751
4062 5233
5632 3799
1194 3136
1427 4937
502 4448
5215 220
4025 3859
1684 5391
2694 1083
1006 564
5159 5727
4994 261
9 5171
1688 3643
23 2999
1104 3485
3403 3694
126 4214
4931 2673
2408 4618
1377 885
2450 1242
2277 2459
2967 3158
4702 4471
1019 1043
1743 5603
15 1726
1807 325
1541 2815
5219 3358
5476 2880
5232 1364
1454 3504
5132 4930
3200 4499
900 2702
2633 3085
5556 4140
3295 2479
3698 2737
2575 529
1035 5099
3859 5841
3842 2959
985 1275
822 3986
5041 89
1588 1692
4695 2012
3885 3530
1123 508
1946 1172
4141 2652
5948 4830
1380 1554
2648 706
4464 4374
3012 1869
4518 1432
3067 1337
957 711
2423 2764
4191 3519
3136 5343
354 5491
4127 161
5768 4364
3848 2781
1699 3184
88 5289
365 534
1450 1344
4599 265
2497 4403
416 5115
1665 4939
5209 2220
2462 3330
1126 1371
5466 1427
5751 3869
1801 3647
3928 2043
3336 5234
1158 864
3917 5109
3668 2900
160 1141
12 5299
1626 1556
2249 2226
5677 158
916 770
3924 4462
4478 869
636 274
4094 1713
2932 1340
667 1779
5601 683
1949 981
1461 2714
3439 4851
1296 5799
2087 5979
4312 5479
3449 5428
1909 5672
4840 2272
5568 999
1918 4724
4861 659
4479 3927
2854 193
1321 361
1227 5729
4927 4999
5751 4128
1334 3148
4772 3936
95 2986
3777 5926
4183 4873
1795 5074
2859 975
4234 1380
320 3745
4518 1341
3585 4664
1450 5524
890 4840
4031 490
1765 5021
667 5440
2979 1575
964 2151
894 3335
560 248
2124 3738
1695 405
742 1606
4075 4111
4058 2691
3214 4762
2750 4412
3141 3950
2950 2053
4452 2000
4023 1327
1866 4336
5501 4939
1174 1028
762 3755
5738 5861
4448 5759
431 2455
1073 3694
1786 63
2549 4115
5181 1345
124 298
1665 4456
276 4331
1394 3737
1149 3303
5083 3337
3531 1536
2100 4830
1564 846
1705 5780
1531 4159
2989 4466
4628 2014
1839 3404
2104 2360
5116 5498
4516 395
837 88
1613 560
5922 1935
3407 4506
1830 3796
4438 991
2901 3039
1980 3079
2164 5855
2020 1955
2513 3357
230 3679
322 5438
2381 4795
3874 2541
3085 3878
3481 728
745 5116
1563 5273
4484 1139
5700 5431
1558 5648
2898 3118
4417 5871
1364 4765
69 3650
3377 4799
5361 3209
4332 5997
1466 5043
4775 5010
2881 2868
1270 2622
4192 168
2469 4878
3653 807
4828 4492
3267 410
3874 4211
5797 1741
864 2791
5796 5077
4583 2914
619 531
1508 49
4185 3753
5763 4193
1766 4589
5651 1316
1674 1676
4024 1096
5306 1761
3894 4362
4372 4438
5005 2678
1230 2922
768 2275
58 787
1594 1037
2189 982
1107 2626
399 5365
4015 1058
1797 440
2152 2720
1182 5855
1773 254
955 4887
5659 1256
2723 4683
2395 864
645 1213
5260 1162
3215 661
2035 184
4142 1001
2624 3593
1943 3806
98 5789
5078 5694
5309 2812
4981 4410
188 3592
5232 1249
2658 5920
2902 1586
3381 1559
3858 2127
5533 4996
5898 4067
4457 1355
2440 4741
403 3644
616 2333
277 5018
3601 4566
3275 5167
1767 1140
667 3102
1888 3016
3507 5769
4230 4915
1154 4772
573 5047
5626 618
5941 5396
644 2766
1393 1457
2564 1844
489 153
4510 129
14 2377
1210 193
1276 4566
1540 5992
3796 3300
599 5979
3995 5157
138 2191
4077 2766
5355 2
1910 65
1468 2617
2131 3814
540 2554
3604 5339
919 5419
2548 622
2352 1130
5212 232
830 2382
5413 1084
5172 3630
5756 5360
1686 257
2779 2716
2617 5653
1414 5281
4570 484
740 5884
1842 5732
3039 1146
4552 1934
1020 670
2487 2050
4014 4241
5953 5912
2616 3993
3477 4330
1811 4061
4541 3088
4975 200
5851 3212
4029 509
2213 3768
5356 4378
990 3708
2306 1391
3383 1636
4670 64
4710 1393
396 953
5558 3903
104 594
3839 3287
3190 3588
1143 5558
3313 1003
809 1150
1299 2236
1126 475
2005 4648
2121 568
1959 2450
3086 4003
1090 4989
4662 127
1036 217
3684 2121
1228 3328
3900 77
430 828
1165 681
4329 5708
5020 1234
3039 3975
2659 4902
5829 2224
5610 3842
3749 2650
3493 197
992 3501
5293 356
1351 3209
1300 319
155 3739
3075 2340
2803 622
3366 4531
5375 4612
4091 834
1803 3029
934 2258
1094 4503
3913 3281
467 415
4130 3057
2671 599
4869 3480
260 592
1836 1466
1246 3850
4860 1781
2317 1906
2506 1787
1994 2650
174 4453
2877 4191
3159 4501
1182 296
2334 1309
1338 2122
1455 3710
312 3924
3430 2804
2957 1591
2886 208
141 21
5296 470
3715 5567
5506 649
5011 4631
5502 1123
3054 813
540 505
1062 5048
5650 2413
3394 2243
4083 662
1987 3451
5094 622
3832 2150
2202 5947
5440 2790
1734 5312
15 1053
1445 532
2210 5539
4081 2243
5862 5270
2911 3124
3125 386
4253 4379
1635 3201
5095 704
120 2405
3295 5904
4015 4772
5998 1762
5023 1330
2070 1276
3431 2373
3099 4534
5423 229
2466 511
796 4659
4103 1200
581 3804
2309 126
4260 4749
3730 2772
1487 1577
5241 3376
4904 985
5884 3948
193 2228
745 1696
2452 1487
4940 3734
4370 502
2054 4990
1626 1403
5037 2020
3292 5438
4836 2638
4510 4895
5388 2554
2752 3936
986 5672
2635 4574
1931 2019
3375 5937
1814 3974
1069 5682
4833 1660
2658 3261
23 2345
1622 5415
5400 4551
5939 3602
1089 2500
2362 2670
5933 2186
162 5858
828 718
2850 347
372 702
3041 5860
37 4340
1244 5735
3105 5056
712 4819
860 5302
1257 5935
2736 1747
4626 5245
2404 1590
4526 4594
1390 3788
158 3126
679 2044
3619 3671
1134 5173
623 1267
5327 3860
2903 2213
3013 3114
3148 895
1597 1422
4043 154
2590 4543
3809 5193
2966 2925
3218 5285
5478 4392
460 628
1457 4009
5592 4635
1073 5824
369 3302
2603 4733
5784 2709
5204 5779
5862 1850
579 1097
2691 592
5129 787
1527 5982
1966 5585
3856 4076
2078 3783
3444 5430
1700 5805
4615 3118
437 5031
2878 4054
5329 5687
4821 3839
790 5905
5710 5452
229 1088
5419 26
4217 1847
478 1716
373 1483
2894 1329
1997 5423
1373 1
5415 5455
505 5561
4707 82
1407 1483
1050 1686
474 1811
2333 2827
108 5212
3449 5945
1488 2646
5235 2940
210 2305
2129 758
1196 507
297 4097
2224 4995
2585 2117
1892 1522
3017 3565
1724 3085
1982 1557
510 5236
3120 4775
3634 5806
2605 4726
3033 5673
1983 618
384 2588
332 1374
5621 5504
4766 2582
313 3839
4418 1509
4294 2683
2324 4077
2018 1602
2779 4345
3172 2192
4768 696
487 69
1045 5722
46 1177
2036 496
103 5662
4805 3407
3267 2885
4708 4917
2196 659
2706 5775
1511 1685
1707 26
4548 545
3497 4233
3636 1503
4231 2391
1763 2137
5624 2093
1862 3502
2856 4517
335 5741
2787 3024
1358 3169
1221 3078
442 4711
2338 5212
4544 3720
2551 2379
2603 5171
2096 5374
869 5690
3979 11
2733 3920
1725 4806
3146 3153
52 2675
991 1123
1117 3595
2143 1804
2311 3392
5491 2100
3800 5620
4185 2140
5758 455
415 1279
2296 3888
400 2664
1862 4526
1774 1412
3102 5263
50 5097
3985 1616
2320 1111
5005 2294
126 5470
3972 5309
5958 1937
4109 1071
4713 5226
1145 3463
5319 5981
2489 4934
3245 801
4015 1094
4974 1612
642 3902
1749 2463
4229 1573
3513 3394
4186 730
2370 3472
4947 4627
5563 5415
4649 2068
4969 185
2513 5427
5595 4934
3596 2874
2211 2638
2253 1228
756 369
225 5596
3211 3769
42 1434
403 2363
1532 3551
5892 5578
4892 2267
3740 268
5173 1389
5281 3921
3341 4563
4629 2641
2135 1106
3594 4869
1306 4488
3720 842
2867 3025
430 4769
2662 2439
2997 1562
4747 4605
1803 3714
3910 3805
3022 2314
5191 848
3303 3499
2628 1903
4746 5847
5460 1463
2251 193
1725 2162
3875 1967
1951 4836
2419 4142
5779 5411
3640 4008
2831 4011
704 4738
1627 5633
5356 5609
2121 3926
4646 446
3520 3598
5381 910
4521 2817
62 3159
5902 4050
5869 3992
2624 2879
1685 729
3064 600
5620 4331
1152 5859
2218 5969
4578 2798
92 1823
1441 2375
244 5682
5912 5689
2139 432
1104 4776
3162 785
517 143
2221 2478
5163 3576
3289 5529
3869 1836
96 1710
3910 2507
530 2120
1283 1934
454 1942
4697 218
522 3055
915 568
5271 2628
1823 4916
3480 4246
2698 4019
2396 296
5449 3016
1322 2006
2761 4072
1173 326
2137 5052
3776 2829
4711 2791
611 1190
5799 2681
1231 2878
1323 3747
3663 4259
3360 4316
431 5951
3253 1140
3729 5327
1890 327
2894 553
3062 4611
2058 5213
465 4558
2187 2203
1044 546
1067 4405
3493 3258
76 3622
5143 5858
379 1092
3530 4329
5992 5394
4975 3786
2965 1833
30 4604
4605 2489
3003 2183
1368 4714
2823 1592
2716 503
451 2423
805 205
1818 5414
1320 688
1135 2652
4356 1743
5445 4739
395 3609
4638 1663
5488 3553
4246 4449
3617 3294
800 1562
358 949
5041 3460
3642 923
2012 2765
2378 2517
2718 4117
1020 4403
2971 4234
5938 1373
1816 2370
3663 2716
2699 4826
1321 3836
208 1196
1343 1376
4349 182
2461 3351
2712 2504
5198 814
4792 109
4049 5814
4665 1071
2719 791
308 1365
4108 5685
5421 4014
1308 4066
3295 1682
664 3812
4725 5686
225 3608
3067 3825
1749 1431
4565 4733
1711 2760
1837 2272
4419 2647
1731 1483
1754 3268
1248 2850
3259 463
171 1966
636 3171
3616 528
4359 5920
3902 2727
3263 5021
5280 2163
933 1709
3390 1195
4230 738
1877 956
3800 2112
1588 2066
485 483
1880 924
1190 35
2507 795
3508 1239
5464 3244
4347 5144
210 1399
3409 807
1301 5222
2597 5554
5581 4441
363 883
1622 1290
5607 3081
1508 733
2759 2475
4740 4938
1574 5274
3 733
1743 5638
4157 1134
3055 548
952 2749
5710 3391
3122 1376
5038 4109
4361 4225
3205 2563
4234 2449
664 2507
1291 1666
521 980
4045 5827
1491 3595
3532 1820
5250 5433
1465 3549
3241 1741
730 2563
1934 5052
1488 1659
3656 4598
3785 2569
2412 2539
1319 2267
3204 1421
1874 3785
2434 5895
2297 2416
196 1263
1566 2064
1896 1848
2371 499
1073 5339
4511 5663
5642 70
2357 4685
2491 4022
3975 2234
1130 3266
5239 926
2867 5863
3023 748
187 5579
3378 1881
49 3548
4945 2977
871 1801
306 1878
4128 5108
863 74
4186 4118
3835 2191
4525 3459
2954 3484
292 4128
2497 963
4396 1954
571 4481
1259 3784
1918 1286
2356 1804
3038 806
3623 5910
688 2399
1389 3522
1186 4555
1173 2563
3545 3032
1081 2536
1738 1783
1397 1437
5885 338
2248 4357
719 4113
5387 3959
1767 3279
5522 695
1579 4536
625 182
3844 4197
2482 668
1408 2140
4468 2165
2326 5954
5957 5418
2015 1634
5123 3666
5107 291
5983 1816
193 1044
4099 15
3988 5931
4134 659
1906 2655
1373 322
3622 3458
1668 1179
4129 595
4494 2917
1932 51
3753 2355
2001 5511
3014 518
5083 3021
568 3316
2395 3410
1946 1720
1324 1363
1413 218
1417 5619
1618 961
782 3789
4621 2230
2477 2890
1932 4970
866 3540
1551 3370
4280 1388
3335 3554
4717 4777
3611 224
1715 5315
4969 75
1737 4351
3226 2436
5578 155
3673 2427
1604 5149
1653 2309
5948 2567
4485 2636
4080 989
300 4568
1500 5210
142 2333
593 464
2129 3684
5219 1134
4535 1007
3938 1559
5611 2919
5756 961
2569 5208
4512 3851
484 4448
5334 834
114 4692
1741 86
826 595
2677 5961
514 1807
1279 5336
3314 2617
1730 1212
5501 1372
1551 467
1248 1357
5079 5003
5435 721
1915 863
2241 992
1795 2405
1339 5304
5235 4406
129 5413
1356 3056
3787 3856
3791 1001
2693 2022
1976 933
1746 1418
184 1210
3922 1981
1810 1218
119 845
971 3200
5156 364
1324 5799
1399 1107
2857 4647
617 1990
983 4953
1091 1289
2362 957
3507 4979
1212 113
175 626
2661 277
5129 1568
2279 46
2724 85
3753 840
406 3996
5511 2431
2399 890
5960 3087
1337 444
4304 3306
2575 4145
438 2586
2867 4809
1832 4840
2251 4635
254 5277
5468 973
2413 3894
5450 1407
3550 2269
5807 2633
3246 4294
90 1143
502 3895
1209 4833
3661 1580
1418 2320
1917 89
3758 1678
2755 706
5391 1246
5451 2167
1716 60
2972 3444
5219 4709
5632 4936
3046 2634
5783 3812
4625 4513
1964 4359
1330 1133
5464 4903
1050 3407
1909 4322
5339 3069
805 4502
1107 1953
1189 5566
2520 2309
3548 2110
5972 815
3721 5873
2756 1063
2444 5681
1339 4576
5042 4118
2668 2022
5719 210
5927 2229
1512 4493
179 3003
1335 61
3630 5951
3154 2905
3473 1441
5797 1277
3448 4243
3983 1696
3440 4137
4915 3332
129 605
2113 4702
1902 2566
4804 2871
3066 3002
5500 4162
1486 3282
2063 5183
985 3821
3947 4271
503 791
512 2601
3637 139
572 5676
3475 5079
182 5702
2682 799
3535 3989
5281 2837
5622 1292
4971 1335
3867 2312
1107 3321
5542 5172
5755 3381
2153 873
481 5472
5011 5242
1091 5646
86 3439
180 4889
3596 1696
639 1518
2118 4980
5996 4217
3444 2618
1169 835
1820 3977
2299 4776
1156 1299
5245 1070
2802 1503
4151 1138
4519 791
4315 2533
343 495
5516 2184
5341 1720
3736 4355
3116 3795
5880 3404
1144 3193
2981 5270
1782 843
2189 1384
4354 4342
2550 1792
1680 2073
5203 1991
2021 4650
676 1799
2374 1941
1315 586
3665 1686
1964 2757
2539 1674
172 1173
889 5169
1982 1033
627 4951
82 5728
1718 4579
5023 1380
4714 5919
3658 1847
4403 3417
3496 3068
1659 5529
1584 4570
4416 1476
4340 1404
73 4976
1985 541
447 5898
5541 514
1210 228
3457 5864
362 1795
5344 5056
5351 4424
1719 5528
3083 5197
2652 2429
126 5826
2203 5613
3042 1240
599 5137
4624 1647
2607 5371
4722 3467
1282 4268
835 188
5363 2697
5300 206
912 2047
3489 5629
3759 4404
5379 3597
4282 4896
5223 4826
1230 2509
3055 2331
1342 3723
4311 5053
5197 5607
378 2237
1852 1004
486 4997
560 3978
3310 603
1687 3430
5935 1926
2493 5923
3605 2195
3546 3648
1774 1335
5359 3665
799 3142
3889 4626
5702 1379
324 5433
2448 1768
2459 5900
667 2408
1215 2163
303 5444
4351 1519
3785 59
1111 843
5512 4837
2164 3554
891 4818
3158 2193
2986 30
583 3471
581 5464
1499 3882
330 1428
264 4755
5563 61
1833 1629
1022 2223
2909 785
1047 2196
373 2934
611 1341
3806 3184
2598 3091
140 358
392 2094
24 1576
4716 4966
1803 1297
1185 5016
1755 601
5036 1948
1861 687
3509 3173
1628 2629
4945 1320
2752 5579
4016 5793
3475 4497
904 1090
4456 5895
3858 700
4909 3192
1555 3731
2027 5798
845 1838
2443 2631
3239 1949
3387 3569
3707 3262
5794 5378
1919 1536
5056 1171
1974 713
3193 5917
5031 3334
595 2925
1358 3650
1886 724
4530 5657
68 50
3671 5468
5329 4964
5700 5527
1909 5211
2856 1425
951 4288
5625 69
5804 949
4493 1199
473 3261
1116 536
4293 5038
4166 550
5394 4278
3521 1294
1998 332
3621 683
1972 4649
2236 4803
4793 934
4260 2408
436 311
167 4796
621 393
4717 3241
2154 808
1584 1456
2085 2212
3920 209
3666 2885
856 1546
1296 3932
2257 5299
2957 1196
4805 3481
3583 3065
3591 3849
3377 3328
2401 2416
5306 4599
622 2177
5028 5766
1769 1510
2988 4663
790 5706
4421 505
1615 4439
3314 683
3202 5564
5588 3975
1353 1153
4464 1245
1353 2733
1621 5378
560 5512
2300 5208
4248 1005
3217 1504
3457 1698
1121 5453
1614 91
708 795
5791 1115
813 2496
2447 5533
4496 3121
575 2531
1492 4425
2882 476
5577 1429
2698 1787
3915 4867
5235 2998
1095 4317
5183 4908
2013 5424
994 2682
2295 1570
1358 5840
1193 4595
4514 4463
1338 4627
78 2678
2434 4869
3115 5230
5444 914
712 2066
3406 3841
824 2931
4062 197
5930 3915
1831 3495
3897 1232
4741 806
3510 5228
2029 3981
5826 2346
5257 4948
688 5011
3859 5385
2282 1419
2143 1424
3555 1525
5901 4168
2317 5550
543 2065
2364 312
4920 363
2123 1301
4630 1712
653 5784
4002 1733
2103 2214
2422 3468
444 2370
350 1326
1752 4202
3153 711
5858 460
1169 3202
1851 1101
3986 4536
2668 3115
728 3571
1072 417
2340 2119
5645 4363
736 707
2665 5531
328 2500
138 2411
5292 4123
2190 5476
4979 2224
2700 3823
2386 71
5163 4569
4862 2850
1170 156
1646 4903
2208 2844
2500 1859
4557 5711
494 4607
896 2033
5192 1283
1938 5910
1012 5752
2626 641
5149 3106
4379 4613
903 749
4819 1210
667 3479
950 1923
1939 2527
2595 1581
2001 1853
1908 5386
2644 4146
548 5727
3021 4753
4300 3531
5247 2734
1390 4297
2678 661
406 3255
3177 990
989 4712
5155 1056
2304 3255
1278 84
4129 1901
4289 1788
5436 373
2267 2883
1437 5054
2080 470
592 3057
2837 4900
3944 4084
5910 1122
1508 5757
3072 626
4672 1803
2635 5140
5976 1345
1976 1597
1538 4276
2300 1976
4860 2008
3547 3387
4979 726
5193 4763
1702 2625
4333 5394
3050 377
3911 4416
863 2015
5395 4495
2163 3946
2910 988
1158 1273
5752 1331
382 3450
1531 5658
5580 5979
4075 3072
2654 5727
4671 5047
1894 5491
2623 1905
5067 3521
4302 4631
3630 5045
3290 3055
2128 5342
1570 782
1026 1239
4967 396
1821 3671
2965 3304
980 3862
3620 1132
2310 4705
5387 2739
3720 2031
1540 5431
3187 132
3734 1551
3881 3446
4078 3769
2830 927
1231 2101
4437 1795
621 4915
3080 1154
5380 4012
2892 4816
5054 4071
1860 5651
4932 2645
4645 2972
2020 4287
4202 4794
3109 3889
3976 5243
2487 3414
1365 1141
5534 4982
997 2612
4657 621
2517 2085
2573 4574
2364 4658
4656 4472
4046 3454
1459 3271
2115 2932
3943 558
1735 2827
1587 2516
1652 509
5116 2845
125 5160
4375 395
4763 2484
2123 2260
4254 454
1371 4245
2892 4788
3650 5927
1214 2042
2911 3281
2795 1645
1059 414
708 590
4425 2769
2931 1969
5510 4694
2638 895
673 235
704 5321
4708 4655
4313 686
851 2905
1956 5262
365 876
2538 2847
3953 3801
1798 1200
1299 2566
3945 109
1295 1374
5982 242
3548 3673
5728 3763
3909 1326
2842 2156
5044 4406
784 1476
656 130
3485 2952
1769 4768
4028 2037
2577 3353
682 2805
925 1039
1564 5982
5500 757
5725 759
4055 2271
4587 5916
1050 3421
2579 1140
4866 4961
3049 5026
5144 729
2621 2153
1773 665
3290 211
1494 2921
993 787
681 3167
3750 10
2296 5806
3529 1607
5263 1055
2471 3010
4089 3199
3298 4011
2087 2777
3630 2734
771 1365
957 3978
3394 642
3230 3315
744 879
4722 3364
1649 2832
591 3960
4733 1263
744 5995
5739 5138
1004 669
1577 3500
2366 5159
491 4390
2646 4273
3178 1166
70 2195
3055 3312
1887 955
1856 4069
1844 798
1082 1690
5935 642
2881 3874
5636 4715
5763 2942
1571 2020
4787 396
3601 4097
5573 5646
5977 4819
4101 2189
2446 2156
2125 4909
2597 4244
4150 1490
785 2314
4879 5012
1535 3598
2604 1007
5219 5679
5488 2669
2994 4929
1551 5352
5266 3153
5629 939
5407 748
5531 3417
863 5101
2307 672
3832 3333
2434 5839
1648 1952
341 5078
4901 3574
5255 3260
1727 223
4474 4599
3859 1530
4724 2759
5609 2847
5436 1204
784 3476
1717 3530
1008 2157
4714 2386
3824 4808
4074 5971
1289 2104
1415 4248
4219 3583
3977 3395
1535 962
4920 1090
1116 5928
4650 706
3326 3747
874 690
2788 1618
5930 4601
248 2502
3402 4682
1477 3523
2233 2438
244 3817
3451 659
2199 916
1707 3564
842 3473
5667 4744
5783 2963
1003 4208
3561 5076
4766 955
5699 2063
5235 5165
4241 4270
1530 1200
4223 3839
4021 1952
1801 4493
1673 2526
387 524
5637 5149
3690 612
4963 1777
3242 2210
4172 3673
5442 2412
273 4874
2629 435
5719 3918
1554 2878
4435 1196
326 2084
1878 1690
928 3882
2250 4609
1462 702
3214 928
1174 4659
463 1411
2175 4287
1112 3509
5313 5217
5498 1860
3986 5094
2959 5252
1971 1165
5324 1399
3186 1322
1270 5451
5041 3625
2454 2980
1399 1876
3679 908
534 246
1231 1720
397 2240
1029 2749
430 4539
2418 1107
3314 1136
1859 1720
492 4325
5582 2152
4732 1657
5914 1036
309 1714
4964 4256
1008 3812
5295 954
2530 1124
4668 5783
4252 1390
2155 3352
5570 5316
5185 654
1758 1160
42 337
1333 1900
3696 2343
4026 4856
2556 867
578 4028
2637 1132
2696 4711
4119 4929
2834 5399
654 2297
3220 4561
515 511
3187 2371
590 5853
220 504
1693 2744
3158 3324
5867 2173
2197 3264
2964 1835
4913 801
200 3313
1703 3044
927 5321
3102 1061
172 3429
4077 544
5621 2040
2954 5343
2065 3065
3510 4006
19 3812
1847 2379
3398 849
2438 5657
4698 4217
363 5383
1790 3350
3637 1253
3054 3082
2206 2455
4847 499
2735 5637
312 221
5760 4529
4916 729
498 2474
1717 1805
5264 737
5003 4427
307 5851
805 4759
4886 3479
4951 4339
1866 5280
3628 5325
2699 5044
478 5531
3634 870
5381 2262
3707 4577
156 5829
2890 4990
5274 3451
4186 5656
799 2276
2198 2094
125 364
3196 681
4330 1920
2430 574
3267 857
1115 3414
5506 934
3582 780
5715 761
4581 23
5908 2198
3220 3369
971 3639
4139 5046
4780 307
1334 1673
59 2400
1219 4468
5519 2278
4665 3783
376 5414
2743 3267
5011 4123
4219 5871
155 2784
917 218
3697 3139
1626 2626
4111 184
5101 1637
3114 3440
5003 614
5959 1627
2565 4370
1519 444
1204 1363
3622 1661
5480 660
1480 3363
2785 4919
5636 322
930 708
1694 1108
5843 1586
4720 2598
1494 2347
5376 4980
860 4907
2504 3734
2057 3337
434 2459
3349 4969
1458 2421
276 2305
3273 1157
1817 2667
1815 296
4054 315
1473 33
2135 3505
4915 5786
2496 2145
247 470
2627 2817
2631 2105
503 3442
543 3209
4165 2995
1367 2214
5765 2498
5695 393
4985 4132
5372 3785
472 4824
4018 1459
4670 2679
5538 3883
193 3886
5351 1534
1623 1343
5531 5050
1927 341
2767 2592
3853 2103
3083 1257
5026 1119
3922 199
3258 3531
314 2333
2512 2067
954 5938
144 140
1989 417
4659 316
5415 5876
2768 5455
4957 2579
2496 810
4666 4584
1907 4158
1366 5925
2354 5007
1769 1016
1205 4118
5370 5645
1254 2531
4545 100
389 1351
3155 4613
5181 4529
2111 977
1510 2391
2148 91
668 4280
2742 2471
2193 2064
3537 4754
2031 283
5229 899
4993 4349
4291 5583
226 4290
5694 5123
4533 2353
3717 1854
3494 1974
5752 92
5969 1360
4905 5451
1347 3768
5838 3319
1405 1924
3636 3513
3248 4491
2166 608
2085 186
5390 5246
2940 1302
250 1494
4072 386
2147 3988
1320 1219
5754 2094
3257 3074
1748 5913
4347 643
968 3040
4305 884
2262 2592
1949 4759
1083 823
5083 5859
466 2351
4588 1880
2397 1013
4566 2194
4404 2255
1290 256
2476 4862
2391 5749
5292 5968
3005 3695
4557 5320
5252 3286
1040 1618
3294 5335
196 4929
4650 4033
5880 3084
3578 992
4029 5257
4407 3721
2240 2360
2788 357
4919 1124
2449 5569
106 1493
3569 532
5668 3161
3438 2211
3081 836
4123 3586
1290 5158
5513 1180
711 1788
4302 5189
3381 1881
356 718
432 1398
2414 985
723 616
4112 4989
1317 3298
3039 1884
4774 3338
2423 5779
2826 2496
1260 1538
2325 1052
1538 1740
3368 1271
2833 2145
395 3854
467 2138
4780 1698
448 1653
934 5155
1357 1666
3846 3886
4864 5133
2218 4244
2295 2078
5435 3933
1209 1261
204 5469
1116 5353
3747 4966
1225 5882
1352 1918
5166 5205
1339 211
3154 65
1243 3100
4526 5528
1332 1921
4170 1248
3753 510
1510 1163
4627 1252
3994 3484
1400 272
5007 5466
1535 3536
4752 5081
2707 2899
4939 2343
726 2353
2013 5973
5976 2123
1565 7
2744 1300
4839 4318
5306 2384
124 4595
4378 5947
1783 4822
4864 1406
3571 2729
3445 3037
1596 2774
3093 164
3876 4248
3044 1700
4183 3785
870 1977
3712 2503
3770 3774
5197 3548
5910 1586
257 4974
3689 5676
4265 4709
3885 1661
4465 4060
2444 5990
231 4345
1013 3626
2127 1120
190 293
4809 1028
3836 4653
2577 1151
3425 4327
4022 2037
3541 1757
2861 5332
2584 2559
4038 1231
5927 2071
4479 5580
4525 3074
4039 2297
844 3276
982 2358
316 795
2252 1583
5891 527
3831 5593
2213 1336
73 5695
2046 472
4488 205
4878 2106
5687 829
5861 1748
2934 448
1471 3129
4854 3024
5905 2882
1488 2403
3365 5102
1318 2450
3458 3447
2746 1739
4432 4408
4557 628
1914 1691
523 5633
644 3063
2245 5831
1663 1115
286 1026
859 2228
491 3268
1389 4293
5365 127
4305 3271
4033 5749
4370 878
2193 3934
631 5775
1900 218
2576 5151
3180 1927
2210 1566
1495 3381
5022 5140
5056 4712
217 3066
750 2126
4664 5132
2093 2978
2362 3517
3635 720
634 2827
1574 5562
389 133
4205 810
1033 3131
5508 1064
4463 5445
132 47
730 5335
594 1339
400 4803
4343 3350
201 3871
288 2067
549 1288
3046 2954
2595 3079
4192 742
2304 3107
2328 2027
4764 760
4924 2828
547 4694
4070 1980
218 61
1854 1779
57 759
3966 1043
4648 3990
1862 780
2909 1889
4705 5933
1541 2265
3415 2795
2304 3712
2341 4919
354 2172
4138 1739
2631 4232
3972 5221
1863 1453
1850 2872
2555 4719
4299 895
831 3818
3863 2771
2968 3855
3196 2719
3399 25
676 850
4734 2197
5228 884
3795 817
1464 2285
3139 2212
3413 5394
3913 5423
1200 1729
5823 1090
1702 1248
1907 690
2635 4129
814 2650
1854 2569
4738 2847
5005 465
1570 4969
2725 4443
486 222
45 457
1054 641
5955 5547
1255 2731
2119 5896
3276 281
4983 2799
1983 4791
5354 750
3560 2666
4001 3250
4301 996
3035 4240
1971 596
5016 2468
5699 2460
4624 4984
5617 3991
373 2776
185 682
2886 1491
3659 4555
1702 5364
1033 4079
2333 2194
1342 5688
2332 724
1169 1279
1462 745
5961 1342
1501 1719
884 2146
779 1330
3091 1199
2659 1600
408 5124
3383 299
2435 3408
3867 1879
1209 2596
1642 2596
1015 731
599 2069
2133 2121
2583 514
3982 1168
29 2540
2894 4440
149 1999
5229 5823
5717 125
1500 5215
5553 5144
4861 4496
5935 2399
1304 3390
3258 525
3531 4204
3466 2415
4626 1416
1524 1893
4104 3425
2430 3930
1692 3351
3974 3159
5879 1122
4739 1573
5212 3429
3708 1586
4753 404
2808 4101
5982 1124
3222 4053
2100 2210
814 1080
3183 678
4247 1656
4351 4697
2218 1242
1412 3893
5862 785
3608 45
5062 1825
3937 4013
3456 384
3878 1411
4144 978
4082 1469
2404 3524
647 4549
969 2968
3286 5963
3542 2851
3772 5425
1655 948
2366 5933
1949 823
4008 474
2772 5576
4706 2832
5541 107
4101 3189
2045 5979
1853 5412
974 5250
3199 3645
244 105
4284 1101
2571 496
4742 4816
1151 2640
2435 2340
1507 719
1232 448
406 1412
1960 1220
4003 523
3237 643
1529 2107
5414 2782
2539 1046
3266 5923
4167 1633
4939 1238
1020 4646
5126 5934
168 5494
3979 4836
4336 2354
2920 935
4181 4267
4779 4132
483 4904
5199 4068
666 1481
5526 3653
2162 1930
1384 3198
715 3818
187 4365
2483 5788
4276 5540
2780 4109
3229 148
4909 952
5735 5368
4599 3734
3650 293
4219 5258
618 5456
2138 2876
3892 3713
1117 724
5114 5446
5542 5274
3299 1483
4311 683
1639 5625
114 1902
5057 2620
688 5400
902 2570
5542 3757
3701 513
5748 3096
1919 2959
2144 4653
5321 888
899 685
2272 3876
3826 3738
5260 2903
4528 1595
1384 37
2673 4178
4977 4837
1810 859
5132 1829
4408 5096
3469 2143
5975 3900
4550 426
100 1060
2029 5956
444 2109
2001 5087
2422 1601
3390 5017
918 756
2238 3089
5251 3358
3907 230
3404 458
162 3826
5511 3471
4130 1543
4634 1420
1750 1401
1870 697
407 1004
1216 27
2934 607
5401 1305
5488 5994
1633 5901
1650 4787
3551 5757
4943 1543
4036 5131
1520 5704
682 3881
3499 4226
295 2145
3480 818
4998 2516
3488 5897
743 2673
5190 2429
5285 712
4922 5312
4425 1504
3164 1302
5725 2502
2286 5761
2036 2710
1757 1999
664 3983
4337 407
5124 4531
5027 2079
3780 892
5407 5809
3689 549
2986 5168
577 39
3237 3766
3110 2307
275 959
1445 1376
4311 4251
3331 4837
914 4479
955 3321
972 1918
587 1305
5936 2743
1728 2250
5245 5231
1550 5664
1257 5440
5461 4622
4153 689
2336 255
1807 5320
5295 516
4036 5389
216 2654
2358 4305
1194 1023
4211 1136
2050 3932
4006 530
3266 2438
1953 3960
3118 762
2732 485
872 4149
5261 5499
5119 2795
2841 4568
1844 5946
3114 3632
2285 971
4946 1565
3309 1337
1198 979
3875 3845
3598 1161
338 2888
5428 342
322 2554
5163 2472
4660 5428
3562 5387
1772 5649
2713 3351
106 2506
5379 1211
5497 1170
2557 2041
4140 1630
2022 2914
1093 4746
1791 2211
3800 920
4669 3264
2384 1258
4557 4800
1424 2386
1927 857
4973 2967
4550 478
3546 3227
5767 1670
5108 2604
2096 5679
3743 1160
1411 3250
32 2308
4995 953
493 5437
85 1694
5361 5360
251 4262
2981 2840
2173 5726
2699 711
3737 3220
3149 3191
4157 633
278 5824
2258 2886
4926 1533
3196 77
2620 4474
5871 3121
4471 3233
724 4377
446 549
5532 3809
4057 4958
3220 2353
4831 39
2217 4241
3273 2132
302 1501
1927 2424
2764 5462
5409 710
922 5258
849 2390
4573 5845
239 986
5809 136
2125 2785
4249 5625
2133 492
163 4410
3007 5616
655 1902
4567 4907
5362 5753
1343 5962
2054 3672
129 1306
3236 4274
311 5006
4581 2717
5518 4961
2437 339
5720 1996
5273 518
1137 618
5507 2882
2005 1609
3043 3490
5824 3956
5904 4646
182 271
4663 3171
4772 2755
195 2843
2198 2171
4862 2719
2475 5309
1111 2899
4918 381
3733 5297
5446 863
4859 5296
2664 156
5628 1221
2123 2374
3600 5515
2628 3151
4616 80
5939 375
2031 1072
998 1077
2177 2533
29 536
5744 3807
4702 1342
1317 1857
4186 5572
772 2492
1423 1663
3379 5472
1919 75
5068 2240
5233 370
2960 2677
2215 143
4079 4534
1104 1347
3542 1767
4782 264
4888 831
2426 2549
1200 862
5399 5281
1669 5087
5556 1739
127 1850
1190 1161
4329 5245
3382 1503
5000 4172
1398 2083
619 1655
666 3343
1764 2491
5781 4007
4502 4587
273 5179
1582 1601
1875 2110
3383 3311
3630 2264
4425 3355
5127 3785
1745 5035
57 2560
1367 237
5738 4411
1036 3402
2205 4463
5907 1403
1290 4859
1650 3932
5723 5608
1224 3057
2088 3763
1153 4871
2885 5390
5080 1916
5066 1523
2156 5889
3539 3051
5414 2398
2697 5391
4890 823
610 3308
4828 894
4324 572
1109 3337
160 3251
3606 3910
5724 1367
2092 2620
1553 2932
229 1156
631 5999
1970 1399
2477 5529
4285 2953
957 1942
2380 1975
5295 1982
871 5821
1581 3716
1527 283
264 1494
767 233
457 404
256 4120
4538 1284
1495 2091
4358 260
5306 4006
5117 2210
4147 821
877 2105
1115 3761
2814 93
2475 431
1436 4281
1423 5097
779 4455
3772 2560
1638 5936
5268 5314
4504 2500
3527 1737
4767 2476
4156 1621
1005 349
193 3851
5105 4272
5343 4861
3014 1217
2497 4668
3018 3845
1494 3115
3585 4991
3941 822
603 916
4001 1155
1251 2445
1997 967
2826 3629
2385 540
2052 4708
3406 4354
2897 3187
3951 2036
5342 3201
5424 2636
5437 334
4611 4521
3858 4998
2385 4944
1136 2951
4894 2673
5876 4183
5136 5884
5487 5360
5569 2836
1466 13
5491 802
565 4250
3 5821
4848 1862
5697 2136
5950 2332
1983 44
1143 2035
1704 4712
1005 5699
100 1446
3377 2281
5129 4753
2614 2429
1619 3588
5590 1729
1479 595
2565 3212
5668 4064
1411 5752
1548 4663
4565 2777
1762 3419
3046 2240
1827 4373
4890 1470
3338 5594
5747 3581
3487 3996
1592 715
1392 1028
4834 1592
2659 2062
1337 4179
2058 693
2975 2463
3768 5873
4507 2956
5971 4766
4008 947
1402 5104
2223 5698
5577 3315
1651 1353
2747 3271
1483 2916
3615 2092
3669 4538
574 458
4537 4373
156 4645
3852 4787
1101 4351
678 44
810 5214
70 3461
5636 2239
884 165
1352 5355
3047 678
932 90
4568 3918
3657 5333
1703 3774
5329 5504
2269 2907
1123 4471
3650 2251
3620 1608
2735 2338
2352 4434
870 126
5994 2349
2737 1775
5376 3002
5961 5068
5395 5963
1576 4658
1830 1846
1072 2014
1748 775
5389 4012
454 5732
3113 2656
1653 2084
15 2950
2077 3410
3346 486
963 1087
1326 5322
4537 854
1551 306
1440 5796
1217 1496
1549 5272
2280 3168
1982 4615
4898 2738
4126 67
5513 5771
1319 684
3069 1952
2872 3975
33 5124
1592 1647
2644 5180
4058 1593
4275 2450
4930 2189
653 5143
5638 3329
4200 2189
4440 5992
546 1555
451 2124
26 2865
1459 4935
1664 2695
4266 968
5834 3826
113 5076
201 3615
1644 4139
188 5218
2289 1132
3491 5129
1562 748
5462 1228
5785 35
1302 2520
3916 167
2356 717
1009 3597
786 1189
2427 5773
4951 1878
389 118
3655 2009
1798 5026
945 4907
2662 4619
1323 1172
2497 334
5835 2711
3706 4639
4583 345
4417 2237
5808 1302
392 823
2634 4560
4930 3391
1183 4841
2237 5214
1412 1331
4273 2568
5036 2245
4217 3265
956 4577
1650 2977
3920 1028
5682 20
2252 4558
3723 5685
5284 403
1520 460
4319 1057
759 5061
5930 4706
496 2963
3098 3972
3157 2388
4244 4232
2450 2615
880 5000
2246 5340
3147 2844
4986 3931
4156 2575
242 407
3290 4237
402 52
5243 2512
5539 2103
2656 2507
5334 2429
4015 5910
3945 2191
3489 603
807 4676
2334 2753
1844 2631
3013 4023
2842 2443
5361 1699
93 4844
4856 1292
998 3767
2949 4644
4766 1917
425 10
1641 1301
5453 5471
5541 1920
3755 2600
3299 5616
4702 963
645 139
4151 237
3337 1164
4610 5587
3733 2283
920 2024
1363 5774
3733 1831
879 4912
4365 5721
5327 2497
3147 2872
3490 1903
4858 4661
5724 1763
424 1415
3793 1695
488 822
3743 3558
630 2247
5026 5020
2944 1928
1506 864
2339 3727
2191 3575
2740 2110
5632 332
2049 3449
1512 4708
4983 4267
2138 3446
4548 2246
1535 443
2783 153
4198 3554
4599 2807
3243 5432
5530 934
4762 1062
2728 2949
4421 475
1574 4690
2517 3579
4327 5658
3198 4984
4840 2866
87 4080
1178 3478
4296 71
2166 2112
4019 1239
908 5051
3064 3206
2573 2008
724 4247
538 929
5930 418
1564 172
2966 408
597 1539
13 1922
3510 2177
4440 2314
2563 1487
1139 2812
3828 3009
2625 5630
3933 3578
2578 3038
1569 2855
4472 1067
2930 4218
4486 3062
3164 5542
5290 5450
5459 2555
3132 1562
4441 2354
327 5722
165 4235
1769 5746
5793 4964
918 974
4962 3646
209 4008
2382 2379
4413 4026
5976 490
3728 3375
1967 5750
985 3498
1193 2219
5604 2953
1610 587
1132 811
2969 3104
3297 4959
4917 2067
826 5375
803 4093
4860 4669
1404 2523
2443 4093
2965 535
241 867
4862 1253
2413 270
2831 1467
3581 454
2127 3573
31 1474
2872 3832
