6000
65
10
-40
-107
-93
74
-27
-68
-7
-5
114
90
-113
109
-123
3
41
-59
-123
-24
-54
114
44
-73
69
-79
54
124
-25
1
104
68
105
-21
39
-67
-97
-102
-88
43
70
-69
55
85
34
93
-27
36
45
-16
39
-121
96
11
-38
93
110
76
33
-16
-76
-122
60
83
-7
-35
32
-14
73
113
-38
-27
-44
65
122
109
72
109
26
-88
-29
-119
-41
-27
-34
-8
-70
82
-56
-125
95
39
-38
-74
88
84
94
-27
-22
-64
-38
125
115
115
-30
57
75
66
-79
26
122
71
-91
2
-107
-71
14
74
92
70
-69
-58
123
48
-11
-93
-32
-111
106
-103
-65
-94
74
-112
-30
41
-76
125
57
77
-68
117
-14
-37
-56
20
-23
-89
-41
64
124
104
91
91
18
79
-82
-88
-69
-59
92
-59
-20
-64
36
-14
87
-93
18
18
92
38
-114
-77
-121
-93
-1
-85
93
-29
5
65
-68
-10
-113
-110
67
21
-104
15
48
-60
-116
-50
-40
3
-65
98
-32
58
-103
17
113
-51
-33
-84
-94
98
20
36
53
14
5
-78
36
-70
63
-55
-14
97
59
-109
-24
-43
-122
-62
-5
28
34
-22
97
-109
-40
70
96
-24
63
-23
29
122
36
62
-83
-1
109
103
105
111
56
48
100
53
-4
42
-63
-40
16
88
-31
32
115
-107
-119
-119
124
-96
102
0
-34
112
4
-61
-35
-97
15
74
3
9
-76
-48
-37
113
-110
-9
-22
-48
17
39
-88
86
-70
41
49
49
-18
-56
117
33
-103
-47
37
37
-53
-117
58
52
81
77
-29
34
-22
-67
84
109
-28
-49
-46
-14
-46
18
-19
-48
-85
69
114
-1
-42
73
79
-6
-6
-40
-74
98
40
44
91
29
121
-75
-78
-81
-23
-8
98
60
118
-111
28
-85
9
4
84
-63
125
-67
14
-81
-16
38
-14
-115
-102
84
-35
-41
53
20
35
-26
24
88
109
116
-78
-36
-88
111
5
90
-18
52
-14
-48
105
122
-90
-107
0
-72
-38
-13
60
-54
51
-35
26
115
-18
33
26
-116
-51
111
49
66
64
-83
68
-39
60
52
54
-107
-114
-14
-10
-21
-15
-105
23
-98
-34
-64
-116
87
-115
-89
48
93
112
64
32
-38
75
94
79
-80
81
92
-60
115
-24
-61
-115
38
77
-58
-19
14
-5
-32
52
-95
27
49
18
-6
-120
-30
-125
-54
91
-36
-5
-123
122
-35
76
-67
124
49
42
-56
-8
-5
21
-69
-12
-61
20
14
-36
-88
11
-123
34
111
-75
3
124
78
-83
-120
18
-20
-7
-56
-77
92
122
-46
49
-90
-5
-119
92
125
-14
122
-111
78
-66
69
54
24
89
83
-58
-111
-2
-113
-117
-114
14
-79
83
96
102
6
104
-106
-73
-65
25
-108
-105
23
-83
90
-64
-107
113
-4
22
-86
-32
-102
68
-91
-91
-62
-75
68
60
-10
48
85
37
51
-18
78
34
-105
47
39
-29
110
87
-4
-7
91
91
-35
-33
-73
-55
66
-94
-65
-3
46
-70
45
93
-7
52
58
78
-40
108
96
-69
-74
16
8
-65
-83
-44
21
-90
-39
-114
104
102
73
100
-1
-1
97
87
88
-7
-34
88
-109
-117
34
49
38
-42
11
87
-10
-31
-98
-40
-2
-20
69
-58
-105
-69
109
-113
-39
-90
-115
85
77
-49
-30
-115
-66
99
84
-83
8
70
88
-100
120
-30
-85
-7
-24
-24
111
-64
73
-2
70
-75
-64
75
46
-8
-67
25
85
109
58
-67
71
88
-80
14
-114
42
-16
6
86
62
18
-38
60
-92
-56
107
-61
-84
103
95
-21
-120
44
-98
27
-85
-43
111
41
-77
-41
72
-75
85
-18
-107
8
12
92
46
-124
-103
27
74
-67
-111
41
-40
-34
124
62
84
99
-18
76
-54
-5
56
46
-104
111
119
-102
-33
4
62
107
-69
25
15
-88
16
-23
65
-94
102
-102
59
-100
-112
-109
71
91
-96
51
107
-76
-36
-98
33
66
-96
0
122
49
-32
-105
-24
110
114
110
-109
-101
-97
-91
-32
79
44
5
-125
-86
-13
-33
-95
17
92
-55
-4
80
-13
6
-78
-113
-27
-123
-75
-93
59
18
-85
-27
-29
59
95
104
119
4
30
-89
-59
39
-111
119
-34
116
46
1
82
-32
-73
64
17
69
-119
-19
96
35
-3
2
34
23
-124
5
-14
109
28
108
120
-107
-56
94
14
-113
-12
37
-108
42
42
25
-9
68
-95
-117
-109
47
27
-101
82
-47
120
11
99
29
-13
-21
46
119
48
118
63
-56
62
10
-114
-75
-16
-50
-53
91
100
-9
3
-125
-88
56
-1
-99
-82
105
-105
100
50
-43
-69
23
34
-52
105
-90
98
-42
-10
103
115
-18
25
-39
-82
9
57
29
-28
-11
68
16
-33
-8
-102
-99
-38
29
-45
-72
111
122
72
48
48
-73
-92
17
74
-33
29
-43
-6
23
26
43
-82
-99
122
-75
-7
-37
90
-42
93
-49
-78
-17
-79
-121
-28
106
99
-68
30
39
-9
14
108
-39
72
-124
81
18
85
-51
-63
-18
-48
47
-74
108
-45
21
-98
25
121
89
-100
89
53
105
59
122
-124
52
-20
-10
-65
78
-56
112
53
14
17
-66
-70
-72
-11
112
25
101
95
70
8
74
107
110
-49
-43
1
79
72
-69
-103
-19
32
-73
16
35
-5
-42
65
52
16
105
74
27
118
-93
66
54
32
0
-118
-23
70
-115
-106
121
97
-46
25
119
27
-63
125
10
-35
76
33
-22
57
70
-93
-36
73
-118
-19
-79
-45
-92
116
119
43
-83
20
-91
105
-114
-25
39
-5
-125
-116
19
-102
92
116
-114
-83
-39
8
-97
0
-120
-23
-121
12
66
59
-2
71
-78
-118
-39
-57
59
124
68
-39
58
13
-77
84
-114
79
122
48
105
-21
24
79
8
33
66
114
-88
-41
69
13
-93
-104
59
61
-35
-77
118
6
91
5
8
-22
122
74
116
94
-88
-124
-68
109
-13
88
26
5
-78
56
110
92
38
-60
124
14
-107
57
70
93
-93
-47
-57
-96
-39
27
-8
-68
79
-95
-14
90
-113
-90
-119
121
-84
-120
-109
-98
121
27
-12
13
21
78
-12
73
-8
-34
31
80
-105
1
10
40
-121
-26
-1
90
6
-40
-88
2
119
-103
39
-20
61
92
-77
115
78
-109
47
-25
4
67
93
-32
-16
46
-28
-71
67
-112
10
38
-77
43
17
-8
34
-71
-123
52
-81
-59
-108
17
-23
19
-69
-88
-21
69
50
95
-120
61
-33
-93
-31
-59
-46
-19
-50
-21
101
-48
21
12
-52
109
-104
-13
-40
69
89
116
-37
82
76
116
31
-119
42
89
-71
10
-78
-49
-35
-63
-30
-67
93
93
63
-22
-101
61
-93
50
117
-7
-34
97
-74
-48
98
21
77
-119
70
14
-17
-5
107
-21
10
-123
43
0
-71
79
105
-112
-101
-16
63
83
14
-18
25
44
-125
-118
-31
-124
56
72
-13
-48
-73
-83
114
51
-14
-124
-4
16
-101
13
6
-17
-61
32
25
-79
-87
53
99
82
10
10
-9
-4
-29
33
73
124
91
4
108
94
-99
-13
50
-58
116
15
68
-77
-103
89
-8
-31
8
106
118
-81
-18
81
98
-57
-57
51
-121
41
96
82
-118
-46
-19
-3
45
100
-81
-31
-87
-4
-120
99
-87
-51
-78
-42
10
94
-84
-72
-109
-57
-42
-16
-50
-98
-57
76
-88
-102
56
-37
-80
-89
-80
52
-21
10
-72
-49
-49
62
54
19
-116
87
86
-4
-107
-79
16
74
-113
-35
-114
82
102
-102
14
-104
-44
40
105
80
-77
-57
59
97
-100
-47
-91
-123
-57
7
98
118
90
-83
29
-65
34
59
121
-40
-6
65
-42
-32
72
-88
122
-92
113
-69
-113
18
70
65
-100
-78
8
-60
11
-39
-122
-75
96
99
10
21
-99
53
120
-96
-80
-23
-3
-64
4
115
75
-32
56
-36
-120
-100
106
-117
-24
-55
45
108
36
-44
-89
74
-59
43
94
69
-1
-53
-93
32
-54
61
67
-58
-61
-32
51
43
-125
-97
121
113
104
-2
-35
-87
-49
-41
57
-16
88
-16
73
-4
3
40
-124
-89
-58
-90
57
53
85
35
61
-100
-14
101
-120
-123
-48
102
56
106
23
-90
-20
3
104
20
124
58
3
5
122
-26
-11
23
28
23
73
-69
-22
64
-41
14
116
97
-75
106
81
-73
-48
9
114
60
-87
47
-55
-94
-102
86
10
-75
-97
86
-32
-33
-72
-18
-82
-62
-117
-80
-7
60
-90
-26
43
114
52
120
19
110
99
-45
96
-121
10
-73
-68
84
-61
-69
77
21
8
-71
53
-102
-12
20
-33
-21
-101
33
-72
-83
-33
99
6
-13
-80
24
96
-90
-60
-117
-73
82
55
71
50
77
69
96
-75
117
-43
-41
-16
-121
52
10
-29
86
-7
10
-57
7
125
88
43
65
-42
36
104
-103
-55
117
-90
23
-38
104
-42
-26
46
76
-23
49
102
-13
38
125
-32
-23
-65
7
47
-19
-73
-5
-69
-45
-13
-53
-13
-77
-84
73
-69
-91
9
101
-31
16
74
-92
70
-69
-104
-5
74
48
-114
-106
2
39
-33
83
-50
71
101
-43
-13
-102
-60
22
-74
-13
26
94
-4
81
-55
-41
120
-92
121
119
30
-7
-57
-34
-9
-104
-21
-29
107
105
-115
-8
103
-10
51
72
108
-97
75
-96
-21
-36
93
-23
63
-121
47
59
30
14
103
2
-81
17
90
-70
6
65
-64
-120
-73
101
-118
90
25
-52
-51
68
25
23
-88
48
-29
-98
-56
-105
-92
-41
-38
62
-11
-95
-58
-23
-17
80
-66
-62
-22
-84
45
80
73
45
91
118
-2
-98
-56
52
72
-33
102
106
-40
123
79
68
-50
-98
-36
105
-95
-101
68
-19
92
-66
13
-2
-61
67
13
-115
68
-3
-100
-29
-78
-80
43
-73
110
10
90
47
40
-81
-114
70
72
-4
15
-111
60
65
100
-30
-103
-11
95
-74
-94
-11
-87
-93
15
-79
5
20
-41
-94
-43
-44
103
-32
-27
-48
-77
58
39
-117
95
44
-25
69
106
53
-59
35
-123
82
54
43
-97
42
-97
-111
71
-14
-4
112
26
60
118
57
44
-50
-103
81
59
79
12
38
-105
-83
5
-93
91
-99
1
-54
-49
4
-27
95
-61
-103
-108
-18
-8
14
-99
-94
28
119
97
-59
27
-94
23
-60
-97
108
66
30
-49
27
1
-14
-65
33
-7
60
114
65
-53
-84
58
23
-40
80
-72
8
-11
15
-98
-107
113
-70
-75
29
-32
55
-51
19
100
-72
-95
103
-38
-53
-68
-67
-63
74
26
-111
-15
-95
-79
85
-6
123
16
35
-15
-112
69
-22
-62
-109
101
-11
42
-27
33
45
-66
-93
-46
-84
121
49
18
-29
109
-117
-48
-105
-6
75
-69
-116
-4
-65
61
70
-32
-48
72
-120
15
70
-57
-25
89
-81
1
57
58
-62
123
-109
-77
112
117
40
66
-47
-65
68
69
-1
-121
-53
53
108
-81
-100
-110
-79
-12
78
-98
-14
-79
106
115
-68
98
-16
-11
124
36
-66
-109
44
47
91
-81
-122
119
43
40
-19
72
46
116
5
49
111
4
14
-124
49
-122
64
-56
63
-110
-84
49
54
27
-53
74
-61
57
-44
111
-37
64
-111
62
27
-23
112
-68
64
82
7
76
97
72
8
34
-120
-49
-27
110
74
8
-28
-22
-56
-110
-61
-32
9
-109
49
7
107
36
122
-97
-95
-113
119
8
-4
-10
-94
-48
-112
72
-116
-75
-5
-64
-70
94
45
49
20
-7
-34
-58
14
30
60
-125
-28
57
106
65
95
-30
103
37
20
106
-55
-87
99
69
-121
78
-36
115
91
-46
33
14
-79
-57
-50
-39
17
97
101
-16
26
42
-36
91
-119
-113
122
-108
89
-120
62
39
15
89
51
123
94
104
-95
60
-27
-119
-103
-99
82
-54
111
-106
-97
-83
17
19
-93
72
79
-79
-37
22
125
-96
-104
-113
-64
-119
-81
-76
-48
-115
122
-51
-71
92
-78
-101
25
-110
81
-64
45
-72
-4
20
121
105
-114
-54
-18
34
19
-74
-43
-122
105
73
43
55
-20
-29
57
-41
-17
-37
-16
-87
79
86
97
32
-98
6
-113
-70
-64
-87
16
61
72
-118
-97
124
-64
67
80
41
-32
-33
-112
37
-117
-52
94
-4
103
-16
84
122
-32
45
16
-48
76
98
-24
-85
87
2
104
-101
90
113
24
30
105
-58
-1
-54
-78
60
-113
-122
61
-7
-28
90
109
-54
-37
-62
90
78
117
-31
-82
112
-18
-93
61
20
28
-68
47
27
115
-10
-117
-121
-10
37
82
54
88
-85
-84
-115
97
24
-79
-1
65
-45
54
-10
4
-47
91
-59
-79
-85
82
-43
90
-84
64
31
34
89
18
-64
-38
0
78
-109
-35
-10
106
76
-86
24
116
28
27
-91
-34
118
3
-9
-118
-62
118
-20
96
85
-27
-70
-57
-9
91
55
92
-22
93
-68
21
87
86
68
-109
-69
-15
28
-30
18
79
-115
-92
-8
32
108
-100
54
-124
-9
-65
91
-91
-27
-84
-15
47
-123
-42
-75
-32
13
-99
28
-35
-14
36
76
46
-110
-56
-85
14
2
98
10
-44
-5
-70
91
-75
-19
41
84
121
31
-106
81
114
30
-80
66
56
109
-87
-45
-43
89
-89
-37
-31
45
124
-120
102
0
-29
14
97
59
75
88
-6
-4
-58
65
-12
-19
78
-59
118
20
-84
-117
95
28
-70
45
119
96
114
-85
121
-25
-36
61
86
-10
81
102
-117
8
-46
21
103
64
76
-47
27
55
-13
-55
-53
-50
20
-111
-20
-121
-45
98
-20
5
99
-51
49
-6
-90
87
114
-20
-28
-49
15
-121
3
16
-117
107
-58
-26
-93
-104
44
70
57
-41
116
-9
-11
-122
109
13
1
-84
96
87
50
-7
115
32
82
-37
56
-29
-14
14
88
-28
32
-78
-51
83
72
117
103
-110
-125
30
111
13
33
-122
-113
42
3
-65
-81
-95
73
27
42
-22
90
-61
100
-97
35
78
4
103
84
65
94
-45
-44
-121
-32
86
-80
-70
-89
86
-47
-29
109
123
-17
-73
-5
-124
-49
117
41
-56
-64
-82
-18
105
-78
66
87
8
49
99
118
20
-72
-100
-34
42
24
-88
7
-42
64
30
18
90
53
18
-116
-111
40
87
-64
76
124
32
-30
-123
-51
-111
104
-66
-22
-67
-13
-124
-10
-2
99
-115
-7
-125
-113
72
-4
29
-100
105
2
-48
-18
-112
-13
88
-67
92
-9
59
26
-83
29
-102
111
-17
34
-100
54
-97
-114
-94
-40
92
-50
89
41
-100
-122
106
87
-95
92
-15
72
-62
48
-64
-59
86
79
123
-115
-26
5
46
-16
-61
82
67
30
13
22
-87
0
-40
105
-82
63
-52
84
92
-4
101
-73
-119
-94
-67
23
-86
-89
-24
17
20
8
-81
-35
64
-111
-38
75
118
101
32
95
45
34
-86
6
-72
-112
0
-60
32
41
40
-78
-112
-9
-1
-16
-118
87
-108
23
5
-37
-49
19
-103
-79
-75
29
1
-51
71
47
-31
32
92
-96
2
110
121
-26
-3
112
119
-53
-100
-63
-22
-3
-23
-86
116
17
4
69
27
-68
46
82
-62
-62
-53
-18
-93
-46
-45
-19
92
0
-80
-93
46
-84
52
-19
-117
-19
-66
109
85
-78
-61
109
-25
-19
40
-109
21
103
-52
99
-65
-29
7
-122
-37
76
51
98
-2
-29
112
-67
-74
-31
36
-102
-67
-69
14
-49
85
-111
61
-50
-100
-125
33
-57
-25
-52
10
-57
-26
49
41
-96
-35
27
44
2
109
-80
98
113
59
-94
119
-7
13
-68
36
-65
-110
24
75
-101
-55
-3
23
-101
-35
-67
-88
41
-60
-96
119
71
33
-33
-112
-30
-40
-47
52
-44
45
106
-94
-39
-83
69
-94
-21
-31
110
17
-41
125
-42
-78
21
-44
-122
79
-4
65
-51
-18
115
94
-60
-48
-21
-90
-38
38
-2
-8
-34
89
-72
-70
13
-74
-89
68
-26
-111
-54
31
97
41
-74
110
11
-67
68
69
-18
81
21
-58
9
-19
-87
83
68
84
83
63
-67
39
63
-41
116
107
-104
80
-86
-5
85
15
63
-55
124
92
105
29
108
-116
90
36
-93
-46
4
113
-1
9
90
-115
103
91
-54
51
97
-14
-24
-121
72
63
-89
103
28
5
-40
-88
90
-13
-99
84
-44
-70
-52
67
-19
-102
31
60
-48
10
76
13
124
-89
101
18
57
67
123
-88
-15
-4
-36
123
-6
-111
-109
29
-84
-90
-35
7
49
-48
-39
37
57
74
98
2
81
-42
-1
-121
-104
-81
14
0
12
-92
-80
-121
-5
-112
69
91
-7
47
113
114
-60
-78
-34
9
0
42
95
70
85
63
-40
-103
-13
-16
-55
74
96
-75
-66
-115
-43
18
-40
78
-17
30
-124
-66
-33
89
-9
-30
109
61
-19
-97
-37
-82
-97
-114
-9
113
30
55
-50
22
-72
-84
-82
-1
-119
114
-42
-89
10
-49
55
-10
-52
46
10
-45
98
50
-18
-53
-5
33
113
125
29
14
60
-109
-123
87
16
-99
-64
99
-77
-101
56
90
-19
44
66
-74
61
34
-49
9
-80
-68
91
61
92
70
-123
91
-15
53
69
-82
-39
97
67
22
100
-108
48
-41
27
-106
-8
23
-50
-116
-43
78
-35
-93
122
-16
38
45
-59
84
-8
-113
13
-64
114
-56
-71
6
64
-66
71
14
-32
113
-97
71
10
57
-94
61
-85
-52
-54
99
-45
-66
-84
45
-3
32
99
-42
-39
-51
62
121
-18
-109
-118
-103
-104
-63
-120
87
119
57
97
41
10
-10
-79
-71
-91
16
40
58
-11
-54
115
-16
-4
91
74
-104
0
-112
62
-93
5
-26
16
-6
74
-103
9
-115
-48
-97
-29
-66
-84
-59
18
21
92
-61
-98
-108
-27
83
-40
7
-111
47
106
118
108
116
98
-23
0
-45
1
-93
-67
24
-12
-24
50
-42
21
-12
-24
100
-26
-60
-36
-54
-31
-37
-48
10
-115
35
-17
47
-118
-36
32
50
-113
88
-8
-22
-35
-54
-26
-56
-19
-1
-103
-12
105
-77
-91
26
83
100
46
-46
-59
-50
-34
41
63
-70
103
-23
46
35
-9
-61
31
76
20
32
123
102
3
42
-52
-102
70
-3
-79
-29
75
108
-113
121
-78
2
-91
94
-110
-95
74
-31
27
-66
-63
-59
92
16
34
-59
-35
68
-112
-75
-10
30
93
-78
-89
39
92
-18
51
103
-28
45
109
91
2
94
102
27
21
-81
78
118
124
52
26
89
61
39
89
1
16
63
-9
-7
-111
57
83
-47
106
68
-85
-36
-58
-11
-89
-65
73
45
109
-78
-112
49
116
-41
-14
80
-19
113
23
112
-6
121
73
-78
-81
68
107
68
-76
19
124
97
-31
11
-101
124
-71
12
66
-61
120
-37
67
7
-67
82
-117
-87
-104
73
97
31
49
-73
-9
-81
78
-77
122
46
-72
114
-75
-53
36
30
-11
85
104
-41
-13
116
3
5
-32
-31
-110
6
-13
36
68
123
9
-79
-35
-3
16
-24
101
-101
-7
26
45
102
100
95
0
-72
-12
60
115
64
-42
60
-61
-45
-115
74
-1
53
56
-38
-95
-55
-23
36
85
-84
-45
-110
125
-24
-89
93
-125
35
77
-64
-94
31
-56
66
125
77
1
15
-97
30
-117
-9
-50
-84
52
58
40
7
-123
16
-50
-38
-18
-33
56
-61
63
48
89
-24
-14
-36
24
-57
65
-106
63
-64
-88
98
-66
-51
-43
-121
-108
6
50
-56
-13
55
108
107
37
32
-31
-120
-25
83
-71
-119
10
-48
47
69
92
76
-65
82
35
-23
-109
43
-45
-33
49
61
101
77
25
-84
-124
26
59
-31
-26
100
-8
68
123
-108
12
113
29
90
-69
9
100
-15
-112
-36
-33
-27
3
99
1
-111
-56
-87
-59
124
-46
89
58
91
-59
-22
-44
16
-62
85
102
111
57
-112
-35
86
8
57
36
118
-35
42
-39
-63
8
-93
102
-57
36
-85
51
78
17
-27
17
-111
50
62
-31
-47
61
-115
-14
-79
-123
-118
43
18
-123
104
-4
3
37
-79
-111
91
-13
-44
14
111
-13
100
17
19
68
4
76
-73
-3
-48
69
-67
-75
43
-39
-121
-125
72
-60
35
87
-65
53
-74
-90
122
76
-105
-9
20
-124
42
-17
-88
83
-58
99
47
79
-119
-108
-18
-38
-33
-65
-19
-39
-17
-121
36
-123
47
111
76
24
65
20
-9
-114
22
28
-7
30
-57
112
-97
-55
101
118
-108
69
-19
1
13
-76
27
-53
65
-85
8
-10
-92
-21
16
64
-82
-25
42
-63
67
5
-8
52
2
85
-87
99
38
-68
-13
-94
89
113
-37
-28
122
22
-66
42
98
92
-125
-58
11
74
28
99
26
-52
8
27
-36
19
-71
-118
74
12
-54
-65
-3
-40
6
13
-84
110
123
-26
76
1
110
91
52
30
65
99
83
32
-120
-45
37
-20
123
-102
78
58
54
-8
-9
9
116
22
-125
-10
98
123
29
-15
32
-31
-56
-101
-62
-36
22
-31
57
-103
-13
-121
108
-36
-105
-31
-13
-46
-74
93
48
-10
-90
18
-24
-108
97
24
30
-17
1
113
-93
-109
13
-41
39
-14
-25
56
30
-34
95
-19
96
43
7
-76
97
-41
36
112
83
-114
-30
-20
-87
-38
-88
-119
-109
-93
-20
-2
-90
-7
93
-61
-5
-95
-2
-113
-61
-105
-124
-29
-86
62
59
-35
114
106
33
32
41
-31
-19
-78
-45
78
13
-104
-102
49
-80
-101
-43
-115
102
-85
-124
84
-38
60
-1
16
-8
51
11
-46
-27
72
-17
-30
-17
88
42
38
101
120
-88
-55
118
111
-22
-81
-14
-94
-118
-27
-108
-108
-36
-53
87
-86
-23
-70
20
73
69
-97
-44
-3
-70
14
6
56
-109
8
-117
120
-12
-74
74
-9
-93
76
-124
-2
-62
-68
-12
-82
4
12
123
41
63
125
-111
-15
96
-5
37
55
-39
101
49
2
47
-118
-21
32
-34
-96
5
51
-50
-67
23
11
22
46
-14
-33
113
19
31
-20
85
16
-57
-113
-52
67
-62
82
25
-18
-113
-76
15
-23
98
-14
-1
-82
89
92
-56
-27
117
6
-26
-85
63
59
97
-3
-55
-70
-70
-122
106
-104
85
19
-19
26
-61
-51
74
-113
-76
85
-95
88
-69
4
-7
96
79
16
-118
41
113
-112
-52
-87
-114
91
119
-74
-8
8
101
-2
-51
90
-29
-82
-61
-94
-125
108
5
-49
82
-60
-21
104
-88
111
29
-31
119
-76
117
-54
-52
-116
-101
32
39
114
-32
-7
120
-83
61
-30
-4
-47
-45
-65
27
9
-49
-6
88
118
48
66
120
-21
70
-81
42
73
118
-24
-78
51
102
116
91
23
87
-56
-96
-28
38
52
-96
-115
35
115
-100
30
53
25
92
83
-36
99
-60
83
50
87
-120
-11
103
-91
59
12
86
89
31
21
110
-60
1
-3
123
64
-112
-123
32
44
110
39
66
26
50
18
-78
-22
54
-17
-55
98
70
-51
-71
-101
121
-94
-69
38
124
110
-37
-94
-80
-82
-116
-38
-72
-69
-32
92
-67
-5
117
49
63
108
59
-48
53
-79
-85
-60
-33
91
123
-107
-97
-35
40
25
-107
-99
108
-38
115
42
-11
-120
-15
44
121
58
-46
-10
-92
117
51
118
-94
-51
85
69
22
-84
52
-4
-125
-5
50
49
52
-76
97
120
33
-67
-51
15
-46
-73
-82
-64
-39
-61
106
-71
-117
-20
-3
-22
-63
-106
10
23
-125
53
38
49
-88
54
10
110
72
-49
-111
-39
-104
5
7
3
34
24
70
-36
-33
76
-125
36
56
68
-22
-73
-5
119
-120
39
-39
79
34
80
125
-35
-79
117
50
-117
48
119
-111
-120
59
10
-82
70
-72
97
59
29
-85
50
64
33
-31
2
91
112
-62
75
-25
-75
21
31
-88
-19
114
-7
39
112
106
-78
-20
-78
-71
35
63
-87
106
-115
25
-96
-20
-85
123
92
65
-88
40
83
92
-6
78
87
-123
115
-22
-78
-9
67
-60
-47
-31
-99
58
11
21
56
106
-6
-31
44
-16
-61
-123
120
71
-62
-18
29
-58
-53
-13
87
-59
-56
77
-5
83
82
-97
95
5
91
54
-8
42
49
65
-48
-50
-75
-125
96
-74
-109
107
76
-41
-34
85
-55
-101
93
50
76
35
-105
-124
106
-9
45
110
14
84
-6
34
-55
-119
70
68
37
-64
74
-41
-25
-107
40
-33
105
-88
22
109
3
-41
87
-104
110
-46
87
20
-31
-111
-81
-24
76
101
21
-44
32
-53
14
-110
-90
27
119
94
66
99
-43
113
119
-69
40
22
-8
-51
-6
107
20
-104
118
7
104
-9
82
32
51
108
-68
-12
-117
24
-45
84
-6
13
52
-92
21
-104
48
-25
-69
-21
-96
-34
1
-47
-103
-49
40
17
-101
98
26
43
40
-3
-86
115
101
79
-5
-95
-124
115
-2
-82
94
-95
83
63
63
63
-123
3
-48
39
-49
-116
39
118
107
74
-41
-51
-25
-16
-39
-55
-70
-17
102
-110
82
-60
-112
-86
-75
-18
-87
-16
-123
38
-28
100
-96
27
-116
13
103
27
42
5
65
36
112
38
-59
123
31
-24
46
-74
98
4
-5
-105
-123
-35
96
-71
-92
-87
6
22
15
-24
93
-74
-60
119
-125
108
-64
71
-65
-116
-79
41
22
72
68
18
110
117
-46
99
60
-70
20
81
120
-53
-100
85
64
-96
114
21
86
-53
-29
118
23
106
-114
94
57
13
-120
89
64
-25
-88
78
62
101
100
-2
99
-12
102
125
40
72
52
12
124
-30
49
29
-65
27
-106
-103
50
62
75
-90
-78
-37
72
101
-1
-104
59
75
-25
-23
75
-102
45
-49
-46
40
76
-59
-113
-9
-110
37
121
74
32
-27
-35
103
69
44
-20
70
92
-9
49
90
34
42
23
-102
11
-7
-14
-108
55
-64
41
-43
-10
-98
-30
53
-95
-26
60
-33
-79
58
-87
110
53
13
50
38
29
39
48
-34
-43
-77
67
123
99
83
-111
58
59
27
94
65
-28
-71
90
101
-15
-89
70
50
54
42
9
-30
-24
-125
53
106
41
-52
-87
-100
59
59
-117
-9
-16
54
-44
-21
-68
37
3
-103
6
69
-124
-68
29
-83
-79
-10
84
-17
-114
55
-105
-70
1
-105
-77
-2
-82
70
-125
46
-90
-15
-20
-96
-106
114
-61
1
44
-115
29
83
-93
-32
48
-43
-30
-103
95
-24
18
-93
29
-18
41
56
92
-47
63
0
-82
-34
-32
116
54
3
28
66
92
-69
7
59
-4
-9
-34
113
76
-113
28
-43
-63
55
51
-59
-95
54
113
-26
-47
44
47
-115
-57
91
62
-57
-36
-42
-7
-78
122
36
-45
-112
64
118
-80
-58
95
124
13
47
54
102
-2
-58
-36
-102
-75
-46
-109
96
46
-117
71
112
49
-90
-76
-73
14
55
-12
53
110
12
-91
-69
91
16
-28
-5
-111
-43
42
99
-66
68
-20
103
-65
-10
36
62
26
-42
-85
-25
88
-40
-60
-34
42
-68
-81
-25
-66
30
-65
-47
25
-9
-64
91
93
83
38
-124
-113
-15
89
118
4
-97
104
81
-48
-107
44
49
-36
0
32
-67
-45
31
121
17
53
-16
-98
81
-54
82
76
-59
14
96
-115
5
111
-107
61
-48
-98
70
-5
-107
106
11
68
-111
-14
-97
-49
-55
-30
112
-121
-18
-5
-30
-66
-81
53
-38
90
84
-99
-91
-55
104
57
66
3
-77
-105
-59
12
-1
-34
-112
48
38
-18
72
105
84
28
33
32
8
-78
-91
-75
66
-117
-22
39
110
25
76
29
76
-119
-32
46
76
-97
-92
23
63
-33
-23
42
115
-63
-15
-88
4
-115
23
-23
125
-120
52
-54
-63
39
-65
117
7
-52
0
107
14
-58
5
15
-78
9
56
54
-105
-96
98
109
-117
-57
87
-85
-14
-113
-18
-3
-83
71
-75
-2
-59
98
-79
-33
66
92
-109
-39
-25
72
0
13
97
35
-95
-56
22
-1
-32
-111
115
51
-14
-107
-92
-34
-93
98
91
104
24
11
-30
63
-104
-105
-28
-79
-104
59
-114
-85
35
-26
-76
-36
34
-36
-94
-50
-97
50
45
-109
-17
-32
89
-19
56
58
41
84
55
-43
107
53
-57
40
80
-76
107
-121
-109
97
38
-28
100
48
-19
-75
21
-94
3
91
-81
-107
94
31
107
44
-59
105
-53
-91
5
-12
-59
-115
-99
12
-116
107
-65
-117
92
52
113
-63
-104
59
91
69
-59
82
124
37
-12
-110
-2
-76
1
-59
-49
102
-119
88
-63
-66
118
-55
121
87
79
81
-34
-90
78
-83
66
-111
98
38
34
65
-74
52
-30
-29
-31
76
-48
-104
25
-65
118
20
109
-79
-120
56
-73
-25
73
97
107
-82
20
117
-96
-56
106
6
-100
-90
36
-124
113
71
-108
-111
62
99
44
12
-80
104
70
-56
11
7
4
17
100
12
125
35
84
-91
-78
88
111
-52
-29
26
36
-105
10
-107
97
4
-113
123
45
53
23
-123
0
112
-29
69
-83
23
106
75
-12
92
-10
-42
43
-110
125
-24
-53
58
113
99
40
69
87
75
-35
34
49
-113
68
104
-6
-109
67
99
108
-51
-92
-31
122
113
-118
63
30
-32
-90
79
-31
64
-121
14
-13
-42
66
-61
-79
-104
13
39
5
122
111
47
-51
44
-91
-2
-116
24
-102
-23
92
110
-51
90
2
116
30
101
-99
-26
-4
124
-26
91
101
12
26
-77
0
-9
-21
-124
-120
63
125
68
29
-124
-33
-67
32
59
85
-80
66
-51
9
-51
53
-61
-80
123
98
-83
-87
-51
-117
-52
-37
104
60
87
-21
-52
59
-13
57
35
1
93
31
-25
34
1
-93
-118
97
-19
52
16
-114
34
-37
-33
-79
-33
38
14
-38
41
97
-27
13
60
-2
-3
54
-73
-53
62
25
92
-17
33
-3
-120
33
-41
119
115
-113
-51
104
-92
-92
-108
-7
95
-44
-38
-111
-8
9
114
-59
-103
35
41
105
10
-12
57
-98
-91
16
104
97
22
101
72
-81
95
12
-98
60
-96
76
-35
-112
72
34
107
24
23
83
8
117
12
-10
-41
-42
-7
125
-8
6
-82
-82
-71
-12
18
-125
-70
27
25
62
5
56
-27
111
-69
-83
-15
32
122
-109
-14
-108
-44
-69
-72
-8
-122
-109
-95
-70
111
-53
82
-99
-24
45
121
-124
-76
65
79
-63
110
-18
-29
-38
76
104
124
59
39
-86
5
89
-60
106
-39
-67
39
125
72
-108
-120
77
-101
-4
-17
9
-38
114
-12
-17
12
20
89
-25
27
-92
117
-15
26
120
-109
42
112
-125
-19
-17
-73
-63
38
-118
61
52
41
67
12
44
25
-72
85
9
120
-4
-100
89
16
-124
-75
28
-52
-105
-119
92
-65
32
-31
-102
30
94
-69
51
-53
-51
-40
52
120
-61
98
-19
-101
-7
-90
-70
-28
2
-72
-93
-12
-4
-55
116
8
-91
-118
-3
34
-79
10
15
-33
-18
-35
53
112
111
17
-73
-39
-45
-53
4
65
-49
-117
-46
-122
24
-42
22
73
-101
25
-5
-89
-28
34
93
78
6
-37
116
103
14
37
-43
-38
-39
110
-48
93
-51
30
68
-73
-57
105
78
-125
24
-58
-62
672 4446
4927 5423
794 1558
789 3809
4229 381
5131 5771
1264 3619
1219 1305
147 4980
4966 2545
1533 2767
2424 2547
5790 3991
1055 4863
5415 2521
645 695
4622 335
1916 4119
3142 469
2721 5074
1951 1051
2036 2799
5385 218
5447 5684
287 4410
1605 545
594 1826
4886 5744
4211 1522
4480 4859
1814 3038
543 3631
3923 715
3640 896
1614 3440
2250 2686
2137 5029
2119 358
2633 958
3298 1803
1686 2782
3880 1942
1463 2838
596 1436
910 4029
5102 5503
1551 1700
4612 2840
983 1018
3388 83
3882 2110
1720 1035
733 371
4635 568
2230 4361
2795 4246
1553 969
4439 5144
2804 3233
1755 1821
5781 1089
5458 4146
5995 3973
2347 1560
5810 2484
4703 2471
5602 5704
114 2595
4514 3103
3864 1550
5081 1601
5370 2142
5158 4275
2489 2256
3265 5564
5666 2877
786 4246
339 604
5888 5207
1117 1577
3708 4785
5690 709
2879 1798
5057 5613
3392 5056
1111 2047
2843 4207
5865 698
911 276
4263 309
2407 3199
3043 1428
2715 5012
3562 4086
727 5875
4466 5986
2349 4632
2709 4211
567 3392
2348 5954
1807 5261
1472 3267
2850 1595
1757 4130
978 1284
2249 32
2076 5697
2003 2536
2730 707
5967 5031
1993 2801
577 1660
2237 5474
5607 2251
4899 2301
4428 1720
5336 719
5530 3347
3656 765
5169 5503
665 1883
5189 2775
5497 4204
1308 2883
517 5082
5417 3271
1309 3465
1506 3085
2708 2727
793 1797
3164 1462
2377 1097
849 3470
2430 3814
1028 4141
394 2424
107 1088
4390 5893
3415 1446
2358 924
2902 2162
800 1567
5050 162
3022 2991
4698 4543
2466 3048
1560 2468
1450 4813
3587 5521
804 2196
5949 5426
1603 277
1504 956
1410 1359
5020 4344
2728 5660
772 708
797 2374
1578 1845
4461 4186
2440 4113
2315 4060
737 493
1239 5675
854 5618
1075 5878
5853 5285
4370 2063
2192 4279
4834 4383
1954 5098
3099 2938
1847 1446
808 1844
4164 1818
870 1556
532 1831
5051 2121
4093 4601
3049 1035
5555 2775
1459 707
3387 1662
911 1020
5266 5817
269 795
1071 100
3095 1614
215 4912
5561 5522
4832 1737
5170 999
5176 1591
3947 679
710 2210
2056 2021
2656 5977
1661 2227
1183 5461
3619 471
5728 601
1116 5662
3213 3325
2211 2625
4028 1308
2806 647
2518 1914
2920 3259
3866 2026
227 111
882 1086
2075 2610
2727 944
1945 2142
17 865
3990 5045
641 5633
4262 1437
4131 1102
2583 2681
5502 1872
3018 1387
1678 5476
3089 2086
468 2040
3978 3721
2891 4887
3099 4553
5934 3668
4062 4317
5721 3484
4463 5920
4366 5415
1156 274
5097 5648
5292 5344
4453 3813
1995 838
1680 2209
4821 850
908 1736
8 2507
5928 1155
4992 1682
2511 4109
1557 3079
4271 1276
4583 1583
5165 5956
5965 5252
5526 1065
2522 718
5065 4611
3025 3793
4644 5015
1595 2391
716 1492
1383 2863
2705 1018
1025 4838
2289 2194
4229 4917
2859 2554
2838 602
5831 2464
2954 1612
1124 4273
3864 1914
4818 2946
3958 3203
4370 5151
3372 699
251 2418
492 1180
4846 2726
1878 1707
1931 428
4439 4013
2661 5518
3586 5018
4292 1954
5107 1057
970 4082
319 1660
5561 538
1359 3717
1106 2225
2911 1240
4704 3595
450 939
5959 414
2872 5292
2935 3443
2035 3482
2070 4720
1830 2022
3773 3876
2431 219
1200 5954
295 460
2436 3074
3895 4141
621 3732
221 1093
2869 1143
1695 4387
2868 5801
1967 3598
2396 5983
656 3825
388 5831
3976 1815
3096 1948
262 5122
2558 170
3302 131
956 2211
1411 2981
3593 4290
1645 2347
3601 1613
619 5628
4845 5264
5762 715
2706 4920
4966 4780
2440 1645
609 1139
2686 2627
5890 3487
4845 2898
1799 1032
2698 4645
4622 4901
4687 865
936 2401
5356 5367
2479 3998
378 5531
1802 4810
1393 2469
2655 3474
1963 4840
184 820
5032 1105
3161 3497
3 2658
112 2067
1604 3040
4958 5027
5480 4314
485 2735
2190 5195
5715 4994
2404 914
4734 1828
1281 5743
896 2731
4211 3681
5029 226
5453 2078
947 4729
729 4626
1514 2989
5684 28
875 4649
3834 1077
4397 3373
5455 2930
94 5039
2609 5148
1383 3487
330 3198
1428 5072
586 3551
4418 3267
868 2209
377 3685
5400 4793
844 5325
1009 1280
622 5215
4527 3017
5576 5652
872 4372
409 717
5594 1554
2445 3894
5029 186
3776 1176
471 5724
2261 3169
4567 3972
5906 2567
3606 3809
3423 3147
1555 4438
4703 1867
318 4048
1405 3915
2991 4057
4939 5845
3944 2573
23 2622
2232 1867
191 5883
769 1822
2342 3
5597 2733
3175 503
5692 4672
2906 3840
289 1876
5413 4215
2878 2736
4373 4891
1197 25
525 1630
5457 1763
3629 2865
4860 5369
1479 497
2994 3358
4622 5314
2910 5669
5152 2315
2147 3502
3894 866
2853 1475
2073 4490
2169 2770
5143 2778
4939 3051
5494 2208
383 3804
4184 822
2970 2555
1472 2483
2177 3428
5701 1493
753 2692
4596 1453
978 4773
2090 1468
2182 5850
1490 621
1526 4190
3484 1394
799 3416
2735 3412
184 498
4480 5541
1144 4026
1491 5000
5334 248
4818 1780
1744 5681
1756 2597
1872 5612
911 4963
5276 3123
1801 4999
3341 2924
875 3099
4659 4136
624 1233
1542 1227
716 1079
5103 5422
184 4137
2393 5458
621 887
1794 22
1135 1353
1735 2730
4109 3681
2271 3380
5861 640
5382 483
5133 3259
3997 2963
4864 127
1584 1569
3733 2339
2328 3583
918 5373
4498 745
3168 375
1184 4601
1334 2723
686 1192
5611 2797
3367 2214
5088 2560
2169 269
5018 3628
359 1153
5111 5175
654 378
5315 4769
1738 2084
4390 1420
1545 5686
4384 3115
5024 275
136 2170
2061 1486
1986 2799
2828 4721
3919 2864
3438 4800
1161 5430
2423 3929
3583 5456
5080 1166
813 2362
3244 2007
4015 3150
2342 2977
4376 1756
5259 4172
4190 4087
4108 916
3977 3184
5287 4733
2284 1655
1373 3717
2370 1503
3399 4788
285 2674
869 103
2059 2884
4664 1934
3002 364
449 1202
350 1793
1897 1387
1328 1025
4130 4673
4665 1527
2206 50
671 1966
3839 1011
2559 1697
862 3962
5484 1461
1248 5404
5990 2490
341 3954
2351 1021
2339 5297
3226 1730
5315 4522
709 3232
810 5071
1609 5485
2346 279
1055 4219
2986 5796
581 1475
5988 5651
930 2450
4654 2708
182 2801
523 2587
4085 3546
2002 4549
5797 919
3951 143
518 5884
4809 2772
4706 488
372 1925
5509 5305
4343 5070
1167 4542
5249 2327
4471 1360
744 4472
1154 291
3218 4160
2948 521
343 2136
3959 953
2614 1859
3194 4318
2776 329
2027 514
2242 4068
520 5501
3727 3419
5219 3449
1485 2429
2676 1912
3622 1040
1763 4743
1570 4203
5782 5460
1019 816
1319 3807
5409 3246
202 2333
5807 5878
5517 2851
1214 4220
5441 4321
1096 1313
1977 4524
5600 2671
1137 2448
144 5412
2576 3718
5555 4514
144 1571
2596 4774
1358 4465
2807 1848
4797 1122
1446 4978
2064 5633
5982 5701
5112 1900
5164 4344
3162 3407
98 3731
3237 3778
5310 3403
1266 855
3213 4862
4157 2220
396 3010
963 5224
2575 1480
1724 1571
1222 1239
2427 3238
1468 4262
628 838
1089 2458
2830 5819
2315 1026
1384 406
873 718
913 1570
4952 2519
1426 2473
2186 1179
2895 3690
1619 3928
287 1034
2341 5691
2007 2890
3263 5161
5646 663
1249 2254
3212 1255
1187 5475
1012 5458
1799 5414
4004 3359
2477 1493
122 321
4181 1754
89 2018
2138 2014
5277 3487
1997 4951
4843 1587
5487 1924
2077 3832
467 1611
3180 1291
5715 4272
5807 1296
5506 3433
3667 2263
3858 3295
3899 5917
5351 2632
122 901
4700 4995
814 600
596 2755
1920 411
3395 4048
89 961
5551 2138
3784 4512
5729 1039
5249 440
3856 3839
4439 1633
1232 943
4973 5108
2807 4059
3978 1885
3168 1167
5739 4511
4996 1495
2094 1753
773 3765
4412 360
5757 5491
3174 4349
4663 2441
5075 336
699 3282
4264 597
3104 3883
5818 4670
1949 3099
3744 2289
1776 4025
684 748
1267 3610
2092 1014
2540 2810
28 1271
2789 445
1678 4778
1547 1110
2812 4594
3098 3064
4189 1900
5272 3372
4391 2308
3553 1010
5221 1210
356 107
3305 1765
5931 3733
3586 440
912 3192
177 2629
1566 1666
5497 5088
3479 2414
3014 4054
3797 4075
4207 1293
1906 633
4750 1420
1451 4630
2080 1359
1266 1147
2280 4484
2723 2545
2121 4058
1242 2584
3892 3531
3763 2168
1774 342
4385 2761
5718 4946
4755 5857
4182 5072
1236 860
3671 5569
83 5153
5866 1224
2003 1154
2084 3216
5363 2148
1881 4737
2176 1232
1997 3231
3193 2856
1526 1684
5795 2990
2294 1664
4686 4770
153 5614
4328 3051
1722 472
5713 4889
3066 1069
4895 1336
5907 738
4019 1462
3225 3591
1195 584
2035 220
2425 986
409 3571
4836 4215
830 5831
5981 4600
32 2606
1381 1872
493 1083
5213 1575
1273 5239
5566 2708
2269 449
4539 833
3154 5347
147 58
111 2375
1243 2166
2718 2234
1164 2282
3973 2464
2712 5946
2372 280
355 1025
5835 1745
2975 2226
1022 925
777 4720
1947 4517
291 3419
1307 4509
177 4876
4888 2506
3111 4660
5694 3985
1106 5312
3396 3041
3239 2063
4669 4644
4346 2182
618 2498
1072 516
2722 2023
4118 1090
1973 4198
787 5037
2733 126
3563 3464
215 1884
5478 315
448 4913
4752 5088
4259 1669
5298 3792
1522 4555
3282 4057
1043 3543
4326 771
653 4350
1710 1507
5938 1981
3059 1087
352 1325
2651 2980
35 2405
3006 4100
1965 1952
1325 4740
281 913
2914 2629
4940 5412
3923 1024
1261 4775
3243 4136
2806 425
1578 3467
923 3281
1819 857
1259 1010
1079 2088
1781 5198
2809 2871
173 5817
577 290
4206 5807
253 1654
5106 2392
5861 2037
1984 3018
773 1643
2278 4384
5041 3362
5032 4443
995 755
5959 1702
3625 5726
676 2782
445 3836
103 1761
933 2339
268 1238
1004 3066
4077 286
4752 5710
4950 4025
5854 4676
3572 4908
3018 3391
928 5201
4964 5540
59 2624
5127 2493
2201 4909
3460 1323
5731 354
3807 1919
488 4094
1000 4954
549 3358
620 1700
1381 1243
636 5738
1833 1220
31 492
5531 4525
2852 1094
880 152
4795 1564
396 1188
4613 4011
2906 1011
5288 2334
5453 5120
4359 1759
4625 4256
1089 4398
597 3512
3721 5223
381 3088
5895 4799
1250 1543
2701 5183
5309 4903
4364 4084
20 4458
3111 1238
884 5388
1224 1623
5696 5827
4115 2271
4585 3869
4312 1702
5103 1369
924 5873
5638 361
4794 2257
1053 1541
3301 5160
2715 4340
706 397
394 487
4612 2690
5560 3990
3368 1796
1084 2815
2514 4706
582 700
3575 3938
5499 5813
5277 3553
1743 5429
512 1241
3699 3505
1126 2264
3569 2935
4757 5119
5093 5203
5987 2872
1471 1096
1998 1899
1735 3453
2254 1330
1408 1493
3000 11
5872 4468
3492 5247
398 1999
5361 1169
669 115
1863 89
5752 2776
2285 3137
3486 1463
860 479
2561 5066
3764 2181
793 964
5549 3829
3262 1841
1 4025
5334 2190
265 2290
5788 5548
5557 5887
2002 2209
5183 881
1016 2192
4658 1309
3965 4586
4999 3025
949 2037
2144 3162
1195 3036
761 2709
1753 4647
5132 4052
791 4460
3044 5908
4432 2406
1844 3821
763 5557
5208 3705
4056 3126
4076 1689
4409 517
924 4676
3859 2992
1452 3329
4597 2286
233 2360
1129 5823
4239 3204
2168 1221
2653 5675
3027 1908
2102 3057
3503 5622
5737 281
5441 3763
339 142
3258 4431
1139 5185
5924 2691
1599 4676
3982 256
1525 5830
2277 2130
5540 2560
116 114
4204 2288
1676 2238
4739 2723
2103 4029
1322 2681
1146 5901
1775 2499
3209 4896
4292 192
720 439
1792 3929
2591 4189
2181 4217
2261 871
4082 3937
145 2938
1721 4331
356 125
67 3149
1931 5329
1731 1328
1788 4350
2617 562
1982 2176
2552 2457
3390 2851
5609 4089
4687 3946
3889 5272
4018 1894
209 3423
951 5653
4444 1971
4451 72
1695 4470
3378 4538
5644 536
5390 3998
5159 4401
1088 5000
3765 3556
3559 2623
225 3356
791 3393
4625 634
3892 3127
1400 1538
4559 3915
366 2498
752 1432
4061 2485
4629 3296
2493 3735
3849 5044
4530 3594
296 1951
996 2024
5954 227
2112 3434
5983 3785
3277 2760
866 1507
2433 1378
2017 5077
5621 5854
5459 2563
3207 1571
5355 5244
2926 4710
4 3464
3923 4147
398 2077
5294 2910
3176 3448
2110 3530
830 3306
4717 4762
5333 4049
5219 1702
1092 4650
2635 5568
1877 5907
3 5000
5789 2645
3271 2365
2568 5314
4896 2645
3209 1659
4617 2990
4304 3381
1891 3589
2924 5837
5498 2104
3092 3850
2199 4311
417 1074
1974 3520
2254 5984
155 620
4418 5460
5841 3491
4893 426
1843 3335
5569 4064
4447 5552
3987 1667
5191 4291
418 3417
4922 1369
3816 1781
2179 5741
3807 1254
4960 3014
3477 5552
2197 1478
3523 2575
1394 2466
5738 3481
5987 1507
5343 5892
5174 76
1817 1257
5346 3820
3720 5783
2742 5494
1353 26
3568 496
407 717
1359 4170
2307 1757
267 127
3639 3808
5139 4784
3272 935
615 5183
4187 3440
1176 2857
25 415
3293 3864
725 1597
2391 4072
4654 2081
4070 4584
4848 3455
5389 227
3680 3214
2100 1856
3559 671
1805 5366
4302 1786
153 2356
5244 5627
2044 1616
716 1949
5262 1311
658 453
1283 4277
3151 4451
2989 4284
2323 4388
4481 1082
403 924
5960 687
2635 2834
4262 2412
277 1116
784 2522
3451 2605
3050 4889
1705 1212
3390 5320
4999 103
5588 405
5077 4023
766 5078
280 4133
819 1447
4996 126
2015 2916
4474 1667
1368 4314
3285 1780
5364 3449
767 2687
4985 2332
1609 3635
1574 1788
1947 761
4848 642
5144 5925
831 3948
4422 3930
731 690
780 4140
961 809
1709 3466
3194 4279
3125 4251
1277 4104
2945 2343
787 3025
291 1194
2076 4115
566 2805
2897 3522
1167 4134
1290 4151
3013 4249
1297 3299
5555 2366
5398 2132
5995 5917
5027 173
2397 2472
1507 961
5224 3744
4143 1328
720 5642
5530 5669
2641 306
4478 1167
2371 401
2773 1375
3807 5724
45 1345
4224 1213
2918 3855
3245 2710
2605 1442
2182 3235
2638 2762
3869 5519
5189 1792
5736 2346
3094 90
4980 2729
2319 1887
2620 1022
4282 3115
345 2682
487 4021
1868 1936
2553 2752
699 3388
3647 4655
3432 2644
3318 1452
1704 926
3278 2554
1890 5682
2298 2985
2182 1233
1596 4810
3953 1142
3648 69
5198 1611
3815 1175
3438 1568
4327 2799
4316 4728
4785 5035
970 1348
3796 4479
5808 916
976 870
3303 4571
269 699
2336 4210
1468 2186
2282 3680
767 1667
1956 3160
5205 3007
4063 1683
168 2246
3080 897
2171 3392
565 1306
3150 4794
750 4137
4532 2348
1342 3547
5431 616
4857 5909
2010 3382
4928 868
5902 2382
2467 3976
3513 1301
1511 1476
5301 3771
4536 3295
4869 2884
5088 254
2061 2087
1193 166
4946 5251
176 621
576 5784
4650 272
5579 1653
619 1482
4151 3886
4372 1796
348 1728
2653 2840
3316 632
5716 2714
695 2096
4356 9
506 5548
5754 5506
5667 1429
5684 2950
3327 3827
875 4477
680 4608
1954 379
3905 5354
335 5122
996 2618
841 1593
3871 2515
1443 2107
5145 5660
521 3698
2827 4338
4376 821
1821 2616
5619 2400
3374 4800
2019 3556
5801 1439
2942 3422
5924 3468
2043 5084
1963 5577
4533 2254
684 4613
5566 889
932 1632
214 993
2970 3121
3724 5704
3290 4901
5140 450
773 1033
58 5772
3878 3530
2534 2092
568 2106
1441 4506
2967 1174
4054 3727
3381 5621
2956 1404
750 1652
4404 4111
173 1296
1790 2978
2400 3492
2816 5893
874 820
3225 1549
4599 4312
3251 4876
4261 4957
3496 370
3714 792
679 1156
112 4973
742 157
2976 4479
4234 2579
4046 4537
4053 3323
697 1484
319 2527
4166 730
2312 2239
565 1874
557 3574
2260 2141
4969 894
4818 5705
4318 2534
1863 5603
612 2115
5971 4763
2720 5237
5028 1714
5017 1420
171 4791
1032 2234
4433 4067
1134 4123
5126 5889
4091 66
2651 2050
411 150
3649 4767
755 2397
2753 2416
2973 871
2541 5502
5056 4238
4854 2740
5748 4572
3264 5979
2212 206
3059 3334
2228 3176
2548 3451
2597 4009
2659 4579
4327 208
1254 723
5183 5823
2198 3052
2793 4015
712 49
1072 5509
3166 1191
27 4547
3167 5505
4218 4946
261 5612
2226 1534
3845 5704
5460 2370
5269 4825
1317 534
1433 4205
1737 1206
4446 2959
2066 1765
2954 4411
1240 1058
2131 5219
201 5274
2752 641
3123 2734
3853 4878
2478 1030
2483 1218
240 1429
5367 925
1468 3519
2898 4197
4891 2249
113 5249
1037 5264
2493 950
209 2669
2285 2943
1635 1608
2107 2083
870 5162
2485 914
4899 3655
1141 2143
3904 2779
371 981
660 5252
1112 1267
4522 433
5879 1305
517 889
2696 4840
4499 1743
228 1685
1188 2869
4536 5806
4812 1135
2099 3472
887 5097
2946 1753
3293 555
4063 1833
2263 4748
1222 3406
1457 85
1256 4016
3263 2407
3218 2218
5269 1151
160 5803
5042 3769
1791 5516
941 1636
3777 1810
3635 740
5012 1206
5423 2669
1829 3827
971 4415
2353 191
2389 1309
3356 238
2902 5746
1861 3268
1855 1382
1882 2394
101 4717
376 4195
1888 1889
1430 3918
126 1361
2130 1246
2413 2650
5116 2041
2200 2661
1314 1550
5121 5521
4123 1099
4240 67
2408 2062
5467 4699
1256 522
1063 3048
1707 716
1693 3502
265 526
65 2663
1076 1275
3327 1801
203 1060
5927 4519
433 835
5931 682
333 463
2949 4689
2627 1023
5487 5446
4979 754
5181 2259
1184 1374
3037 1556
628 1096
1251 5583
5842 3044
5102 434
2204 3436
4383 2716
182 214
1435 2831
5595 5393
5887 324
734 4001
3171 2975
3347 3932
2434 2308
656 3747
1544 3514
4926 3365
205 2448
3332 1888
4082 5246
598 5993
2825 1676
3786 974
2426 2552
5115 1995
2003 2916
4625 122
1952 255
3489 3326
4587 3317
1953 4065
2406 3849
2399 3036
470 3746
738 568
5250 3939
4929 3523
1533 448
2915 293
1104 1438
935 1107
2971 1802
948 707
1901 5261
5363 4017
3203 2334
4588 3218
525 1576
2351 2551
151 4429
3397 1428
3767 3532
5573 321
4578 2847
4458 3697
4772 4232
3157 5538
3023 781
800 4660
195 49
1763 3517
96 2101
4826 2140
5448 2559
3222 4620
4840 2378
1395 5932
664 350
3738 1421
2289 4545
3752 603
1679 3150
2255 367
647 1045
3723 1236
4490 4452
1848 5610
1338 5524
5842 423
5821 5670
2748 3924
5920 1632
3269 2663
5614 4035
2232 3357
1249 911
2116 779
3944 489
2763 4644
1354 251
3246 5117
2009 381
5305 2351
1562 435
4795 2781
4005 1398
3033 1879
1800 2696
4 558
3696 5234
2695 634
2603 1776
4549 4344
1864 3088
2051 4919
2448 5446
2578 4261
5689 1060
3728 5461
5656 1128
4831 4277
5463 3702
2246 173
4375 696
566 4442
2936 979
2368 2795
5750 2364
4037 4075
838 635
4622 481
2722 4911
4909 5589
1569 257
3236 5236
1531 1293
773 5094
3067 2927
617 1229
1638 1994
2372 3025
2923 5775
3785 5818
2347 828
11 4333
1979 2595
2740 3354
1528 2316
1417 4069
1866 5517
2317 2404
2124 313
2660 1305
1099 423
2283 5905
1532 1109
3287 5835
2195 4973
4619 2717
2610 551
3887 2596
3967 2206
1805 1834
2473 4263
5420 5325
3436 1231
1523 3965
3394 3733
2518 3798
3244 1624
5141 2399
562 4722
1158 290
4696 5
1839 5709
3010 5
3528 4232
3961 2791
3281 185
4190 5047
2992 2564
2542 3568
5774 5655
5558 1560
5282 885
4297 1738
2221 4576
2256 744
280 2924
2241 544
11 3282
1044 5198
2480 4963
2225 5747
1000 174
3566 5125
956 2420
4552 7
4054 3945
3392 1962
640 1229
3992 3283
621 5804
2397 4943
4935 2163
4055 5109
2537 5428
1695 1995
3806 5627
4897 2252
90 1538
4050 1416
4744 5571
1779 108
5411 1580
5159 803
5496 1079
1937 861
267 2490
3794 5088
5082 781
770 1532
2416 2106
4044 3187
2715 3418
1823 25
1279 1517
1345 232
3611 5354
3943 3207
2029 5736
1683 572
4434 4107
5917 2848
2225 1476
3814 1106
5897 4370
3656 3422
3479 2014
5890 5567
2701 3414
723 4866
895 3623
4180 1582
191 224
5867 1185
156 2629
509 2524
3255 2033
5588 466
4550 640
1778 5549
540 1484
5396 1698
5624 5350
2826 1014
5405 584
3190 3120
3330 3800
1539 5168
5867 5759
4552 4769
2104 5978
3277 5772
4509 1
2013 2413
2738 5063
5869 5737
3851 1490
1772 592
1114 1051
699 4640
451 1943
3759 3674
2577 567
4197 2089
2471 4349
5637 5696
5786 3937
1578 5890
2893 2275
4897 2536
1277 5329
5456 1615
654 1339
2281 5649
2277 2325
5918 1253
1447 701
71 4265
226 3342
2723 3902
2283 579
2171 2548
1480 2464
5565 4616
1391 1166
5351 156
2559 1062
2002 4822
3453 2176
4290 187
5041 2348
5611 3054
4914 4880
3942 4867
399 3347
1172 1097
5104 1849
4610 4919
2764 5952
2413 150
4364 1947
5896 976
5040 5549
1692 3159
272 4729
1808 4377
1398 4263
2233 1170
890 3161
2595 3074
1886 4543
4625 5553
108 5447
2513 2481
4044 3833
1555 83
458 1170
5692 4172
3240 1888
5270 1657
4047 3310
3482 4160
2940 5487
5729 1193
4329 5040
4359 1485
3241 2857
721 1614
2760 1781
2384 984
4098 4275
4215 5703
3235 5579
3770 536
4815 1605
2503 436
931 5654
4905 2026
4859 940
5834 108
3397 3437
4505 4013
4150 3723
2589 553
2669 4842
4601 2422
533 1413
640 5994
2238 734
4106 3869
1949 4037
5880 1152
4290 4314
2004 1774
4411 4742
2541 3362
1016 2855
946 649
3599 1307
3148 4569
961 48
2945 3170
2252 4888
103 2564
2690 850
1781 1586
3194 3719
3984 86
3478 2499
4421 2052
453 821
5633 4563
1017 3688
3465 697
4939 2050
2343 790
5677 5629
2611 1845
4529 3845
1363 1790
3337 4961
5587 4112
3934 4693
4888 5677
757 5767
4129 3749
5903 2000
5151 248
3984 3142
23 3702
4354 1592
1606 3737
3610 5706
5429 1142
1003 3393
3740 5136
3834 4753
1115 2413
1154 5733
2919 4829
1145 4030
818 2600
2050 2449
927 4647
2180 2618
2452 3591
92 5077
5696 2697
3231 1518
3871 2301
306 151
1580 4064
1053 3035
1974 307
3132 352
4966 5375
872 3858
512 2117
2247 766
3048 2155
3087 332
3527 2532
4001 5921
5630 46
4227 2659
1818 1411
5278 3006
2713 5432
1082 4966
1804 3386
1286 334
4173 3305
3084 5401
5410 661
3444 5056
1395 4089
5400 2387
2361 309
5529 4739
5911 625
272 5375
2558 2798
983 1277
299 1023
3993 2828
1492 552
4326 3431
3939 3078
4444 4701
1889 4831
4659 159
5335 235
1799 2473
5777 4947
5420 2420
5604 5737
717 2731
482 5640
3621 5325
987 3086
4770 19
2262 23
1334 2131
2224 539
2528 612
196 843
3274 1186
3565 5000
1108 1700
5704 1317
2322 588
4797 2078
5666 1679
3694 4889
3760 5478
449 491
3917 2292
1515 2558
1917 4425
1246 466
896 4950
4452 3922
1971 450
4268 4793
5208 765
2245 2836
643 4835
1833 505
1367 5059
2172 2344
3728 1568
1380 2113
5618 5287
2523 4694
4354 1042
1474 866
323 2813
2489 139
1797 2536
1885 1876
2121 5484
4609 230
3159 5793
4848 5104
355 3294
993 2045
3758 2931
4269 5445
5737 3764
1501 3350
3455 983
3943 372
4803 1952
3706 1342
5864 762
3415 3747
4320 25
5716 4005
2247 1293
5467 5358
1313 698
3720 2416
144 2102
5091 4913
2426 835
1002 918
4859 2445
2403 79
4008 6
3984 5924
3652 4417
4883 62
2565 443
1589 1513
1113 1904
4642 5208
2438 701
5015 4122
3247 658
3151 172
1214 4731
5289 3407
574 1135
2702 4475
5592 664
2306 1124
4705 1828
3801 1403
993 3915
2892 5881
5031 2
2044 3224
2843 3088
5414 3138
1028 4143
2472 3502
4379 4805
499 3831
5440 5028
3409 2512
2428 2574
297 5958
2631 3293
1472 52
490 3969
4002 4781
5639 4859
1138 5973
4392 763
4398 5056
3814 837
2103 5648
4955 1529
2639 2057
3593 5299
4116 839
5836 1664
1756 1986
4174 5074
5761 449
1930 5253
2863 4733
3107 1091
5947 5879
3861 3749
4087 173
460 3292
1187 281
3348 959
2662 186
1537 2629
2206 3959
3584 1285
1124 2081
3374 3708
2483 3960
1095 2303
5130 5265
4273 2210
4448 599
779 3192
472 5936
2192 1259
1285 2465
5488 1343
624 3476
4144 1202
4856 376
1425 1143
1480 5194
1871 2467
4783 2419
5755 1239
1564 3986
971 303
2713 2716
3888 1354
490 33
3833 2764
3589 2497
2982 976
1524 1886
4047 5938
5961 5523
5093 3292
5313 53
137 5359
61 282
125 4068
3101 3048
472 1123
2301 974
4846 5620
2180 3001
5502 4565
5706 64
2189 2811
4235 992
1012 1260
5978 5455
470 2909
2983 699
245 1895
3971 4467
3941 5919
5316 2681
4272 998
260 5046
4059 4958
2991 4382
2457 927
2109 550
4383 616
4268 2147
5640 2330
386 692
2954 5825
1793 4483
3561 324
5500 3592
5546 4272
425 2127
2539 3920
2504 299
5153 1760
2547 3803
1249 5313
757 267
1587 1119
5312 1550
3364 1506
922 219
1627 5458
2920 1302
3358 3630
1582 4432
4342 1727
4053 1473
2737 4920
2126 2261
3430 1233
343 4965
1262 4229
1867 1224
1505 5560
4926 409
2446 2957
1882 4875
784 806
4179 3130
1437 301
1714 1924
3872 2772
1232 5352
1930 3000
4785 2157
180 4475
4515 4582
3016 145
3447 52
3057 4603
79 4477
752 2819
5513 5500
1936 1063
5563 2953
1197 793
3951 2699
1200 5478
4097 2170
2014 3430
4695 3370
3138 5700
1376 213
3559 5038
4528 1384
5147 2799
5147 1889
1441 3963
4927 5559
581 235
4167 3834
1637 3834
5534 3853
3534 574
5265 1954
3717 3451
1256 2516
5256 4245
646 426
4307 4852
2398 4475
1127 4749
1145 1485
40 1231
4421 4979
5126 219
4800 918
591 119
566 338
5602 5604
919 2197
599 4271
5501 68
5470 1797
380 5870
2741 571
3674 1813
29 1245
4497 3722
2447 4501
5155 616
5963 5262
606 3124
3954 1385
3104 3875
5813 3536
1420 4013
5820 906
877 4496
860 5166
347 3272
3475 3611
4924 4510
4406 3895
1501 4367
2317 390
1473 1486
5468 734
1672 2684
1222 3032
532 3271
5789 922
1304 1057
1373 1571
3698 4131
5562 1814
186 2369
1654 4427
507 2143
5720 2194
1858 4196
442 3946
5813 4302
929 1121
3191 5607
1490 268
2489 4102
4371 3433
4210 3529
1312 451
4993 1298
2320 3254
4946 4975
23 3444
112 5215
1420 2760
2219 4833
5214 2792
2106 2703
1154 4800
5298 748
688 1501
2103 3801
3616 3863
3954 4942
2831 3538
5589 4951
2934 4422
4315 2220
2924 4590
3379 3158
1403 2559
2798 3679
3553 986
2534 2490
1096 963
4770 5507
2807 3410
1831 2263
26 122
2994 3351
5648 3256
1331 5273
2116 5838
2620 2240
4303 529
4507 3565
3547 3680
2291 5445
1515 2854
4610 5925
3993 994
1486 5828
4207 3412
5617 5080
2555 1243
3191 892
1853 1069
1558 5072
1026 3910
365 1553
3398 5893
4720 4491
3414 1331
5731 924
1220 1461
4565 3434
5230 4324
3039 968
545 5660
3196 3237
1673 3841
3052 4710
3133 2873
3700 389
809 3397
1160 4921
1051 5121
3499 1384
5314 4607
5558 683
3620 2607
5191 369
176 275
2124 726
3843 3039
3329 5413
1230 2726
486 1564
5703 2371
1141 2655
2591 4949
4322 3184
2469 5087
4116 1389
5705 4190
5155 1834
2035 828
1538 5009
5413 821
2846 4215
4190 3944
4264 1984
1361 1984
2512 4454
453 468
2594 4998
5646 5564
3510 3724
3388 4165
2098 2113
3330 4646
5011 5569
3850 2932
4908 1330
1510 5987
2717 5857
2042 2734
1576 1487
345 3896
2624 5996
5262 4340
259 3475
2764 4595
554 471
3447 4236
2766 1788
613 3664
1789 2393
511 4926
3165 3468
3180 2452
4656 1390
5920 5576
1561 153
4752 4790
3886 3815
5914 4363
5359 3069
5187 49
2694 2968
2048 1915
3695 4342
889 1284
1258 2585
5835 3091
3198 1255
654 2786
2688 3558
5174 5535
1844 3606
1293 2418
2308 5615
5025 5952
2911 5692
602 4752
1811 2232
5262 3324
3486 4168
552 5898
2129 2505
5703 443
4614 2684
5379 1139
1780 1951
5990 4251
1537 1935
3896 116
2535 5642
1739 3725
2954 4185
3912 2950
1193 2125
4153 3317
1298 2282
3369 3321
2987 290
2361 3502
1118 211
2949 2785
3541 5475
4150 1796
4007 2922
2009 5875
2625 5458
5104 4568
1785 3083
3239 2476
1231 1826
2458 719
1012 4930
3860 187
4591 923
3355 1988
366 1682
5243 2882
3450 4042
3040 1281
3951 2977
1224 3736
3738 5166
2232 1338
2723 1082
1918 4282
1261 5052
3671 3394
4300 522
5762 2246
1575 2396
2596 3428
4109 5875
3821 2175
1932 3178
5339 3788
784 3740
1117 5932
2746 182
3531 1931
3649 5806
965 2440
3261 5301
3193 5638
1393 4857
1257 1907
2744 782
2060 5015
4052 4797
5923 63
5747 1421
94 5131
3251 4242
1249 3508
5623 5235
5314 3906
4395 576
4148 5373
5844 5684
4488 4787
2476 5735
978 393
2012 5464
5322 3749
1226 3081
309 1532
2134 1850
2419 4631
4048 5979
4858 1403
5756 3596
419 1401
4888 4407
915 2163
1037 5553
4317 4912
5828 813
3541 354
1467 834
24 598
920 5054
651 1452
3134 5162
1793 2344
1966 4607
401 3672
1935 1081
823 4982
545 940
4698 5472
1502 1877
3806 4822
2450 4514
2011 1252
5372 1668
4941 498
678 2740
5373 3048
4034 5060
1760 1829
3285 1943
319 1490
4361 1587
3031 1490
2573 278
5377 3085
1311 5863
2453 1294
4669 2350
4666 4441
328 983
5377 2192
1835 323
1811 5432
3691 5792
1928 1384
542 5034
2730 3618
2337 1553
4681 5733
5669 221
2048 2674
3177 2335
2280 3373
2766 3066
5004 4391
4647 1874
3004 90
751 1684
1285 1300
2672 454
273 3271
4833 320
5740 2240
5344 1963
5479 23
2320 1961
256 5494
452 2358
3681 5614
2349 333
199 3926
976 3214
1558 3638
812 1630
5868 3
1882 4687
5603 795
4741 1170
1899 1588
1037 1882
728 2943
3575 3155
2759 5459
3895 5379
5878 1000
1281 5983
1717 1760
3675 1489
5912 5021
3655 4361
3774 1247
3936 3138
1559 460
4179 5879
4977 1317
4177 2149
3027 4279
1201 1618
3070 4831
5675 1086
4161 3090
4450 4777
1628 1724
210 1430
2696 390
2715 1310
1205 1086
5787 5304
611 3042
5779 3207
5189 3436
1699 1684
4882 3317
2760 4094
2078 5459
599 4016
953 3109
5770 1938
3526 4001
1450 2610
447 939
1677 2068
1111 3465
99 3991
4832 1284
1196 75
1502 3074
1180 1184
1324 2850
4833 5024
5725 1847
4116 944
1206 4089
174 2850
2218 5128
5678 383
997 4290
4792 4387
4590 2679
3871 2553
359 3436
646 793
3030 941
836 2656
4217 406
1798 5007
3333 5619
3849 3030
5008 1494
1625 4290
4960 3529
1811 180
5011 1877
3026 2484
3488 4146
5816 3350
2158 480
3370 5676
3172 2405
4290 2956
5329 248
1519 4339
1741 750
2527 5210
5743 3059
1104 5033
1456 5516
5412 3209
2287 4794
5907 5502
4871 400
981 5892
2335 4905
1328 3657
5472 5956
2574 1180
2188 1378
419 3477
5468 338
5054 1429
1163 4793
2622 1247
2162 2216
983 2759
5923 2713
2756 5209
1482 3867
4591 397
1520 2702
5039 1370
4226 3664
4594 3273
5458 298
2411 5340
1020 1829
509 4014
316 1137
2441 1260
910 1414
596 2661
1078 1740
2845 1374
1281 2553
4045 1465
1947 2297
4816 5142
178 4723
659 1722
1099 5785
3199 4240
5348 4560
5541 3534
4618 1569
3385 3865
5356 4015
2804 2059
4047 5481
3541 3156
5748 1587
1848 1934
4215 5920
4458 3462
520 1747
1260 5560
3439 4279
2278 185
2620 4218
2045 635
5085 4769
3768 2013
532 4504
3263 1873
3192 5818
3701 4643
5738 1984
2680 1494
4987 1773
5558 5744
3661 2633
1987 1129
1639 2795
632 4880
4684 1149
5486 47
4030 459
5691 353
4222 2028
3036 3872
3704 1829
3204 2387
861 1114
5092 4376
225 5558
1964 3102
4759 1468
608 2855
4921 3551
3038 3420
2140 4511
271 2738
2131 325
285 3691
1891 4546
5828 2368
3607 1635
5723 2333
5941 4231
581 1357
4560 4179
83 1576
5887 3926
300 3402
110 729
3296 1366
804 1354
681 4059
5365 2025
931 1301
2985 209
5518 5447
2525 5787
1186 1352
248 4176
1746 5292
2384 5582
4579 1365
334 29
4111 5048
5631 322
2229 1205
1404 1844
5172 1602
2845 253
808 1079
2170 4450
2323 4511
4914 5879
1312 4781
2271 1677
2596 813
457 3677
838 5133
2602 5226
2496 2619
2738 754
4918 49
1421 3269
3303 3039
3745 2906
3346 4151
556 893
3707 3807
2062 3469
1309 114
3714 2582
2546 632
4371 4650
3873 4168
5949 2245
3320 4715
1985 3489
2234 2546
1549 2039
4346 5354
1307 2919
537 5807
2473 2746
5933 3824
4857 390
2946 1777
5497 3090
3653 4470
3318 1115
1119 991
1773 2006
2318 14
3059 5190
4074 5665
3397 144
2679 4076
5138 3662
3862 4263
3927 4337
4209 2664
5483 5674
3479 354
221 1291
4148 3662
3786 3497
1333 1048
5460 5780
171 2510
1711 27
3358 2373
5326 4234
1315 5277
5677 5541
1825 3893
3216 2345
5152 3441
492 4625
3491 3659
4468 855
2136 3321
1400 5419
5070 1182
5144 2425
662 1203
4527 438
3261 1030
2910 5307
2217 3875
1430 933
4721 2307
11 1340
18 1347
2805 1282
2287 4902
2040 4111
4361 1101
5846 779
5600 694
5107 3451
3752 707
1690 2064
1983 3693
4175 5484
4447 3032
1268 3718
3103 968
2735 2240
3934 4884
1100 3191
5731 3451
1183 970
4974 1972
4877 2671
2755 2282
3148 4723
41 4648
3448 4049
4286 113
5591 4
477 3523
1359 4512
3314 109
1798 4622
973 3567
426 1094
406 672
1363 4002
3536 214
2614 464
624 4641
747 4457
4000 2729
417 2576
4415 4202
848 4461
2956 5133
2239 3434
3955 585
3751 4877
2310 5753
968 4008
2992 1791
5259 4589
2246 185
5239 1798
1087 1556
2600 2756
1814 3967
3277 4726
3645 2801
1617 3101
3636 2493
508 4574
1418 3412
2666 1287
530 347
2669 453
1658 2496
3998 1541
5481 2487
2538 3977
4279 810
1851 4846
4002 4384
3540 4924
1038 909
5249 4221
1980 1243
3134 3522
2350 2838
5063 18
1929 4334
608 3684
828 1401
694 2480
5952 2568
3894 4113
2129 1579
396 3533
2493 3623
318 5256
2682 2758
5850 2309
1020 5103
1149 2143
2423 2504
5910 4055
4834 938
1163 927
2717 52
2138 1687
1316 418
5986 3285
52 5503
1043 2282
158 329
3555 4851
4154 740
1667 669
2734 1106
2418 733
4334 2513
624 5806
2822 997
5845 3676
4566 5688
5874 5025
637 111
3864 78
4025 2383
584 3677
5742 464
4028 3572
1590 5872
5236 1260
5271 1595
1635 2627
2571 3130
5371 3263
1340 5129
3461 3396
1406 2174
1590 2248
4082 1494
639 3044
280 3410
5028 1118
1092 4835
3343 2485
4149 3937
5 2860
1122 5922
1097 3131
1877 4777
768 5538
2941 3261
2421 1055
4990 5372
2030 226
4764 2960
1023 3007
2840 3777
2829 1428
5769 1258
4709 2460
1247 2112
2638 5667
5717 5520
1933 1051
2021 1576
1112 5630
5888 4634
3964 1125
398 4541
546 4952
1666 980
5328 759
5985 2066
3660 5016
3205 94
1399 5570
4558 4964
5783 698
4360 4668
869 1468
562 2111
2681 5356
5550 2263
2162 45
4197 3862
4779 1234
1949 2570
1162 3827
2253 3023
2410 5410
239 550
3051 2623
5079 4293
5769 4393
2532 1118
5931 5126
2549 3589
4972 4724
2702 2012
1455 3760
3515 4449
5279 4840
1108 4058
1269 4780
2737 1392
3181 4026
352 378
603 2699
1301 4059
2138 3239
2817 5007
2277 576
4822 5681
1930 558
297 2753
2811 3719
2201 3877
4119 4817
5120 3085
2921 618
1560 5003
4527 4632
3663 1875
4126 845
1966 5151
3187 5918
3510 1478
4365 4340
2012 2222
5482 802
1159 4207
2335 1335
4199 3114
1516 3639
2296 5066
4526 149
3560 2922
2215 1348
3701 3112
2219 1614
4378 5384
125 3156
12 987
4250 3672
5008 4737
1235 519
1519 1869
961 1531
636 57
3668 3360
1125 1498
556 1845
4905 1908
4460 4949
5402 2545
2620 4295
866 5038
2142 5106
2362 3303
1587 869
4953 3684
4783 2662
714 4548
4922 730
737 3833
1528 5157
3503 3651
5084 1218
20 114
4696 1796
4341 1334
360 2446
478 2250
880 736
2009 737
4098 5891
5551 1679
2165 535
5327 1130
819 2091
5981 3426
2193 2861
2429 2415
1476 3283
2352 1387
5106 4137
1966 3792
3607 59
357 3155
3193 1670
1344 4913
334 4506
2764 3800
637 1794
4743 745
4082 743
4105 5053
3510 2354
4616 150
4238 2257
2375 3735
18 5804
1438 4470
5057 4168
2368 2049
3923 651
3096 1535
1215 1681
2806 3289
1903 751
5289 4137
1744 1318
4637 321
542 1706
1879 2830
2704 1396
3582 4399
1280 5285
253 5233
1774 1771
2934 2621
1589 2009
2937 2548
1725 2658
3685 5545
4419 3302
3934 4592
4134 5488
592 4070
4035 4575
675 209
740 5156
1727 1241
3652 3419
850 2792
1654 910
3200 4558
3927 3190
2874 2279
1680 4643
1202 433
1553 2462
3054 5944
1947 4589
315 4533
716 2199
403 4119
112 3496
5122 3824
4646 3399
2774 2099
5425 2519
4405 5404
3888 299
3396 529
2497 2349
1877 1975
1889 5136
1664 4569
2710 4996
1637 2100
4529 2475
3568 4166
1886 4650
5567 3401
2686 1073
1744 5722
3415 3646
510 1935
3642 1023
2094 3481
4422 5992
3557 5893
1531 5812
1420 4153
785 1822
3415 2398
3098 3186
2850 40
2725 3280
1420 3390
4484 3873
4889 3238
17 3469
4035 320
2572 2940
5201 4327
3768 2523
2347 5299
3959 866
3388 466
1363 2915
2296 2440
2031 2166
2336 2436
893 2627
1764 4134
129 351
1209 302
1221 3739
2219 5958
3742 3208
356 3571
1215 4096
4606 1304
174 561
4805 283
5236 1627
1953 4940
920 1437
451 4435
5950 4827
4237 2441
3227 2178
3111 1114
5852 4175
863 874
968 3645
4608 3030
2276 1437
2487 2108
2854 2747
482 1997
3260 1278
4777 3537
3501 5840
98 4588
4592 2591
4272 1280
1067 4916
4411 1955
2335 2466
326 5555
3747 5649
1645 3063
5757 2171
1165 2679
3432 1158
4473 239
5891 2692
1257 799
3798 4103
4518 5063
811 5065
2020 1010
2154 3707
4334 4112
2388 5804
153 4649
3557 3276
1330 5342
2372 4498
4073 4610
3485 1115
1170 5721
4417 964
1369 5455
5979 2074
1126 1036
3431 431
961 4455
2974 1584
5208 953
869 885
2751 500
1559 5400
1863 852
592 1817
434 3188
875 594
4374 3235
958 1623
4112 4696
1733 1952
3515 532
1180 2074
65 4904
3697 698
2304 1927
3929 1908
481 1613
1665 1547
390 3120
792 3034
1729 5861
3612 3154
3293 3350
2002 4005
279 3875
1658 5059
1612 1350
1010 2882
5322 2268
1706 2787
2767 3489
4087 274
1031 955
2700 4367
2228 218
2646 3019
5230 1310
4455 1781
1774 5945
4565 5878
3381 5270
1108 2601
5522 5835
4081 4783
5284 5387
3136 5009
1149 175
1929 2424
4808 4118
3006 4858
1500 2298
4657 2917
464 2837
2611 4737
3073 212
800 5281
5795 4859
2345 3371
3525 1946
2546 2600
5224 4334
269 1341
177 5834
2870 3995
316 3927
5073 2373
2339 3289
3697 1840
1520 2213
3738 3247
1088 1120
153 3760
5080 1546
4387 2816
1772 1115
4923 2502
4974 4572
136 2415
147 89
1926 902
5244 5365
1676 4151
452 3966
4702 1940
3205 3363
4243 3815
1121 484
1210 825
2125 857
3464 4738
3056 390
565 3090
2621 2493
985 447
2604 2644
1713 1792
1376 4344
4966 4554
2485 882
2208 3801
4120 3913
1446 1905
2348 1128
1849 2261
5306 3858
5490 519
3576 4596
3961 3698
45 185
1512 4773
3428 4515
4143 1280
1983 2473
5385 292
3422 4364
2047 2278
3425 1646
4651 5492
5658 725
4784 284
5558 3932
1592 4201
1709 1868
2590 702
152 5897
861 5384
1138 1727
3496 255
130 4751
3516 1966
2729 4356
1955 4964
4999 3275
2378 5514
738 1490
5093 1685
4074 5232
4114 2174
2166 2886
5835 3680
1331 340
4160 1089
1967 5919
4884 341
1905 642
2231 4528
2971 1810
5428 4955
1282 2743
1595 1721
2525 4183
5922 5690
301 533
1384 719
5372 4410
3914 4478
2537 3619
4985 1353
482 508
3483 1130
115 538
3009 5282
3359 1759
1866 2083
971 3850
486 1754
2291 5341
3246 3025
248 3539
3409 5699
2855 1745
4338 2145
4208 2764
128 3221
5428 684
2070 5254
2432 224
3156 187
2506 1778
3965 147
1786 3628
452 3605
2715 1883
3408 5923
2178 3187
5415 868
3086 739
986 4769
880 2042
4830 2400
957 1257
1787 1312
481 3483
1352 5557
1207 3988
5254 5989
5238 5270
107 4385
2654 2201
50 584
2612 1035
2610 1864
2874 2550
1340 406
1506 338
1081 177
4324 5275
307 3106
4446 5956
5027 1286
124 2587
859 879
5096 2895
1748 3095
835 3536
411 247
5093 1109
5880 376
738 884
175 1848
2670 5006
5018 2495
1730 4632
5671 242
4766 2514
4062 4695
5793 5553
2278 1898
5384 5551
4424 1088
4627 1670
4563 4586
4494 1593
5330 1516
4303 5524
5867 1390
139 2789
5066 3347
3246 4538
749 4297
2138 3421
785 5920
2463 942
2765 558
1453 1215
4861 5298
2342 2470
4946 4311
3639 366
5816 284
2600 4031
1160 834
5010 895
5791 4149
5888 3209
3247 3582
3353 637
276 2984
4718 2120
2250 179
5375 4326
5773 2854
627 2037
5296 2871
5911 1468
4338 3727
4838 43
1327 5946
2634 229
5747 5437
4242 2939
2468 5147
2388 3819
5296 1801
2085 3465
420 5744
247 5948
1550 4931
1842 2861
4950 4914
3719 5403
3417 5551
5328 1746
4774 1999
156 5550
3469 1330
3370 874
4547 1542
5779 4782
1051 1865
1965 2968
1330 4046
5261 5610
1338 595
2684 437
2074 128
2494 1300
483 4578
3327 1100
3206 5000
3439 5618
1172 2606
5440 2862
5686 4056
2621 4270
5503 4561
1933 862
1406 1077
24 2535
2728 1564
1561 3573
2437 169
5925 4750
1722 4753
1195 2448
1463 1695
444 1353
1058 4855
3261 2669
3684 249
1963 2724
4290 1625
2670 4226
2831 333
241 2571
4224 1607
3216 1622
1872 2196
3491 1041
1764 371
235 838
3682 5866
5083 2604
3006 2326
3817 2769
1173 113
948 743
1502 1913
3799 684
2461 2350
4639 4798
3850 4684
2106 15
3809 4106
929 2390
4459 2850
4856 934
3597 2962
1363 4146
3648 386
1499 17
5153 4680
1440 4623
3977 4168
4817 5941
2448 560
1435 2457
2845 2803
5023 5960
1282 1299
1767 868
2566 1492
873 2713
3010 2239
5244 916
528 3989
3035 2278
3920 3717
3097 5589
1005 720
4628 1939
4240 202
636 947
3363 4627
5702 3514
1385 2375
4556 4851
3132 419
3047 5158
4855 2153
16 2313
5478 4742
1635 3958
2602 2961
597 4255
321 551
4775 4240
1189 4021
4507 4901
1540 3173
3751 5740
4048 3742
3336 267
2119 5173
5241 2101
2598 1432
3220 5897
4938 5836
5608 3084
4695 5188
1644 3240
4109 230
211 180
3943 3961
3872 1574
2726 5346
4187 5782
4797 3007
1477 4581
1470 5651
3960 1150
70 5539
659 156
5636 352
5141 5917
3759 2838
2967 2549
5305 1444
527 5174
750 4238
3042 4686
258 2400
5434 1329
3994 4515
1064 3112
809 3332
652 4762
5934 5907
2691 43
2748 4490
4128 1571
3723 2927
2318 5584
3757 4539
2724 3646
2691 4268
890 4117
3616 2711
2555 612
830 882
1516 4413
5744 1122
3100 5633
3688 240
396 3133
1130 801
3569 2165
5041 1670
4472 2512
4833 3905
441 4868
1676 3274
1007 1444
568 5009
5255 3479
2097 692
967 5659
1099 4739
2801 3305
2427 4978
3415 3467
2391 4191
641 2203
538 2021
461 2590
2813 1360
1495 4657
5987 4913
4314 1170
1027 3908
1413 3250
4651 1265
1345 3258
4914 1024
354 1868
4079 4529
1180 1243
3049 986
1624 4894
5407 4434
5879 2304
3961 1070
2038 3372
5662 1113
1218 1959
2423 5145
3246 94
3716 2960
5139 5778
2910 2241
1304 721
3868 1572
2610 1895
5146 4331
2509 1829
1366 870
1803 1073
2989 323
3165 2685
3415 5306
3920 2172
3102 2040
3449 4722
3044 1339
1557 3948
2021 5470
5530 3809
4154 2756
5650 2711
5632 2490
5625 1608
4505 5256
340 4470
3825 4761
5380 2813
4484 2124
1644 3096
1390 1337
3823 5159
1059 1928
1598 2959
5936 4142
3089 4386
3361 3001
35 3441
1445 383
243 1680
2511 1794
2152 5769
1614 3910
3060 2051
479 470
3101 5715
4833 596
2808 2740
5177 832
2055 4932
1256 5115
980 255
1514 1195
526 303
1967 5745
2276 4500
3599 5882
159 4401
3946 4884
4757 3239
5839 753
2331 2406
3422 2496
1019 577
2718 5050
1207 609
1331 59
3772 5293
3467 2498
4906 5369
4568 970
739 1372
1891 5961
770 2262
399 4217
4127 4994
1067 1350
864 3240
5132 2375
4945 2630
1067 3392
663 736
5194 3303
2513 5158
1373 1733
3680 5941
1063 3568
4361 608
2802 3671
4953 1409
4995 4494
3000 778
1501 1370
1249 2753
853 1151
2481 5868
438 3400
3982 4217
326 4758
1050 4817
3289 1838
2216 1485
4948 3868
3742 5369
1348 924
5467 4057
5440 3722
5387 1066
5612 200
3833 2106
4992 1633
1700 5338
2649 1819
53 1346
3726 4994
1248 1782
4565 1875
4601 5928
5239 5622
1353 2590
3377 3600
5793 118
3725 2263
3630 4711
5168 1191
3981 2154
2869 212
1777 632
2810 1201
2788 2885
3305 1393
5770 3182
5387 3485
1180 3823
3864 2933
1379 1288
1569 5850
3970 3201
3217 59
3785 1275
2769 5198
4552 217
556 1170
4065 1423
3171 5762
3586 1289
2193 1997
4225 848
1537 740
856 2953
5503 1491
5571 3486
2204 2563
5063 5840
4038 1711
3014 1933
5383 1814
5728 5775
5037 1441
556 1158
2042 4758
871 4407
3501 1964
3628 1764
2865 2751
4326 5726
3748 2406
2162 2824
1626 1827
391 3966
291 2171
3882 1173
1274 5367
3645 1701
1584 1242
649 3365
5337 2948
2396 5014
2021 5271
2100 3155
2353 1832
2237 4550
943 3607
3719 718
3779 2
299 1968
4992 4279
2367 4492
1075 457
3305 2866
4077 1749
1617 4581
3495 3062
5865 1118
1297 2085
2705 3555
1515 5333
566 1690
3112 4910
4219 3129
5440 2488
923 4400
1141 1690
3085 3465
2712 2884
2889 3998
1452 1418
2907 2188
2396 2562
310 3351
3017 160
2378 2351
2998 1039
312 4641
1031 2019
2581 5328
4983 1580
2654 277
4954 4254
4060 2517
2018 1487
680 1826
1558 5665
608 885
2143 5184
3017 4042
5157 4062
3464 700
2746 542
3964 291
1157 5453
830 3899
82 4151
3677 8
3095 1097
2723 2774
3354 1539
5675 2933
689 5185
2215 4373
3514 3866
5533 1214
3373 1320
1714 1540
1535 1865
2570 1529
1160 3157
398 5971
4311 274
3663 4927
212 308
5610 2518
678 5352
669 3904
663 1331
329 1974
3812 583
5960 1820
3001 278
1521 2654
4045 74
3433 1562
5162 659
5356 1983
1008 1522
5613 3604
4633 1255
202 1805
4784 3974
2244 4713
1438 111
4029 3247
1477 1742
1123 4203
129 2864
1148 371
5948 199
2882 1134
5265 2607
3953 1687
4643 5442
2478 3231
671 4729
619 5697
830 4421
1240 2266
5728 4813
5196 601
246 4328
405 3171
526 5965
1036 1561
820 2009
4268 2078
2791 4001
2308 1380
4522 3849
5307 1927
5852 1876
2852 2108
506 1980
4754 5163
1923 4917
190 218
5453 989
1750 2460
710 983
1032 2411
5533 2776
5968 4993
2738 1265
5950 1901
4012 4062
2636 5812
2617 4190
5070 1030
1403 4677
2442 4162
1937 4718
3242 3132
35 2645
2288 2735
883 4276
3625 3646
5328 508
4149 5103
4092 5638
1814 2170
5312 2602
2024 1326
5695 3824
2080 2693
3641 3734
215 4489
3825 3937
4457 151
2224 5719
2472 1587
4459 2253
1943 844
2275 5484
2468 561
284 3481
709 5652
5760 5029
3287 446
1188 1746
99 2179
5708 2184
5010 2759
2394 5110
2114 4626
1389 1373
553 2768
72 745
3753 1052
3743 5185
5605 3982
2730 1042
387 2354
2451 3335
802 3771
1490 3580
5214 5111
2155 4258
786 4517
2134 661
5902 1221
960 2733
5497 495
800 5634
1000 5702
3469 2596
3567 1374
2526 921
1703 4364
5153 4552
5201 2829
4672 5301
4922 426
3904 2462
5760 2538
1516 134
1380 5912
435 5200
5600 1143
4941 222
3499 3
5555 1434
3083 2441
2752 4838
4922 4778
2626 4447
907 844
485 2007
895 5602
3170 5730
2708 2222
2228 3425
3517 5988
3676 4910
5879 2016
4774 167
2475 3706
1867 2462
2672 4584
936 4400
3715 309
5070 2757
1065 3969
2203 5912
676 3434
5306 4807
5893 2665
3638 3549
2689 5280
4613 4734
2678 114
5491 5011
559 1875
172 4871
5111 5362
3822 32
395 1908
4909 5490
4147 3284
9 4353
5218 2487
190 3173
3371 2660
1866 4179
3911 2932
1541 2282
3060 4598
2572 2347
3024 4887
1533 5356
1735 5264
602 5582
5449 2912
4008 1390
880 2027
2071 2249
112 2947
71 2740
2223 1158
2713 3035
2839 5864
1283 1896
2650 3555
2104 1958
5782 3661
5848 886
3369 1705
1220 1250
2470 2127
3989 1169
4248 2672
1773 3178
3591 1237
797 1996
4553 40
5961 5261
538 3845
5337 1729
4095 2770
3233 1214
920 2429
2148 1165
628 565
4532 2820
1226 5211
1613 3810
564 5546
2179 3834
62 629
3513 1092
1488 880
3075 352
712 419
190 2061
5532 1722
15 5369
1631 735
2761 5097
385 5116
3379 3963
4892 4364
4937 266
5324 4210
3105 3267
574 2940
4497 5989
3645 4952
3504 926
9 440
3466 2516
5657 515
4488 4496
2050 5900
4079 2626
4072 3559
5815 3009
1748 1864
5615 5761
887 3918
4815 2875
4047 5761
2559 3079
967 2152
5142 1181
4643 4078
4389 3917
4189 1717
5605 2091
2186 5323
398 2431
2608 4557
2345 4332
5787 1769
5673 719
4334 1784
2485 5946
5576 1532
3641 2562
5655 2838
5871 5974
4545 1276
3479 1825
2336 4361
606 4002
1454 2949
3774 2394
5938 2166
4690 1733
1337 679
3661 4604
3768 2920
2348 122
5665 5238
3753 1070
4165 5068
4017 4513
1513 3594
5624 1304
1868 5334
107 428
1911 801
3399 3433
565 2139
3785 3827
1669 2040
5269 2080
5854 597
10 1697
4691 3638
501 1506
1976 4290
4358 3125
2756 4065
5776 2154
2806 756
1781 4691
5020 2679
5297 4437
1714 1155
3013 2656
1928 2310
248 2082
744 3479
5833 5785
5670 2340
23 4280
2361 4414
2884 4028
121 2104
488 1679
200 4908
1906 1997
2886 4927
5556 4565
3936 1590
2976 5074
2666 4792
1181 5515
3613 4230
623 3384
4561 5961
5894 4998
3615 746
1573 252
2864 5368
3142 1151
4890 1765
1820 1139
5021 4738
4633 4179
504 2748
1489 1362
1074 2567
4254 1555
198 2139
4406 2615
429 1964
682 5541
2290 5822
80 1486
4883 1127
4723 2113
2436 2231
4233 796
5576 4311
5510 1141
18 4558
2352 3080
5288 5258
4482 1346
4954 5421
1652 1485
514 821
4091 5292
4732 5568
1277 4538
5479 2895
4744 4078
2493 2603
2147 4770
4112 694
3077 5588
3797 2948
1508 1516
3013 2569
4945 4767
5666 756
3587 820
2695 4620
1889 1605
771 4074
2020 2568
3831 1032
3387 830
4205 1640
1473 3979
60 1944
3516 1624
1722 3236
423 470
1665 285
1091 5972
3605 1752
1114 2866
4724 5690
2676 4566
1567 1427
2381 3087
4057 2440
3366 5353
2205 3798
5338 3697
3797 4964
2613 1321
5928 1208
3776 1933
2531 3660
2432 3079
1068 4178
816 688
3298 5974
4188 537
1769 1572
576 265
1381 3337
2991 903
5989 2158
4856 5082
4802 2434
982 1790
2344 5271
5160 1483
308 336
5312 3713
910 3962
31 4006
985 425
3921 612
281 4915
3109 2620
5204 4483
5408 1471
3468 3799
818 111
3500 3115
4073 4113
5153 2297
917 5814
1099 3729
1212 4234
1940 2262
2078 4124
5760 3305
507 1855
5334 2794
2164 3025
334 1948
3360 3786
3419 1657
2768 2951
651 2310
933 872
2332 2855
3072 2742
2113 1798
5370 1738
3062 3632
2421 3001
4240 192
3411 4836
5881 1473
2373 5472
1914 5582
3655 4848
4569 2668
3162 588
4726 3099
3906 620
1344 5672
5633 437
5502 1815
931 5592
4667 319
2044 2183
3681 4742
159 1625
3433 911
5121 3840
5569 2080
5469 89
5743 2393
440 3124
3302 642
2472 3413
1446 405
5825 2490
4057 364
3568 2365
2171 2732
5611 5100
4282 2386
648 264
991 4460
3934 363
4026 3915
1273 2749
1717 4855
2258 4552
1362 180
2942 810
2454 868
4550 3772
5210 1342
87 2897
784 5741
3002 5537
579 4332
2071 5831
4882 5936
629 2391
1422 3638
2677 499
2594 2239
4257 3984
2835 5960
4926 3109
135 2111
5465 3348
1035 4420
594 764
3967 1612
2546 2398
1285 4172
5986 3838
2155 5316
1167 1629
1765 4345
3049 2053
1966 4423
219 116
3216 5079
3632 3340
2354 5806
3907 5866
545 4582
1559 2278
1443 305
3321 5706
5288 970
787 4071
4417 5503
5026 437
4774 2140
2427 4857
3218 3449
1449 2299
5714 4872
4634 4040
926 4087
1659 3094
4327 3661
1520 2486
1026 2243
2088 3375
2579 3407
929 1817
766 3097
600 758
1737 2280
148 1560
4758 3053
4932 4703
1408 1059
3573 2481
5764 4020
24 1151
2674 5728
3844 5942
948 5706
2056 899
559 1171
4467 5563
2087 395
264 890
3655 724
844 2618
481 3898
1634 5686
4787 368
4153 5903
4268 3597
1220 4815
525 471
4266 2700
2306 2206
3183 2895
5571 2796
5059 5606
2294 3547
1610 551
168 3049
3819 4918
2380 808
3740 3657
2979 1608
5215 3817
3325 968
4678 3676
5454 3818
588 2017
1684 4184
3111 3867
3528 596
1192 2674
5091 5476
5909 2278
2019 1373
4906 2853
399 5839
347 1679
519 5826
2125 1241
3919 5983
1046 3519
3677 2546
4673 957
2689 238
5926 3439
53 194
2650 3767
3669 5723
5187 4495
897 4362
4767 5856
5809 2135
1302 1938
1816 5222
620 4389
5755 1417
2187 1408
2052 2742
5521 1015
1186 2667
3238 818
3411 5759
2353 4620
3781 298
3915 1514
362 3992
2436 557
4602 4377
4900 3432
4221 237
4805 1750
329 2975
2415 1830
376 271
3428 1193
5598 5924
2798 3102
506 1538
1285 1707
3899 600
1013 5694
2917 5549
5007 1556
1331 1101
3423 587
2191 4622
542 3315
4160 2056
2025 5627
1555 4308
290 761
4606 931
3110 1273
5345 323
2030 1002
2590 5726
1849 356
2634 4099
410 2031
4804 1305
1598 2177
4357 209
4833 2278
2025 5452
4529 3989
1901 1341
2835 5728
5913 5999
357 3900
417 1450
3236 450
374 2467
2543 2101
4066 4785
4940 3284
3620 5383
5065 1331
760 607
3509 4101
27 1187
5584 4765
5902 5938
1392 2534
248 3137
2245 670
1313 2800
2384 4266
1100 4543
5663 1719
101 5296
956 2733
5404 958
3752 2296
2544 2735
5234 2986
3455 5142
5900 3387
3149 2140
3583 4194
595 4048
5853 4393
2266 3100
1320 2172
4104 5066
2226 2050
570 1399
116 2688
4035 3047
3267 1978
5028 1593
5503 2635
2461 1964
4334 406
3410 3906
2937 926
5729 5828
1781 2531
5683 2854
725 3550
513 2381
1694 4128
3178 5870
2747 2502
3650 2361
3666 95
5708 5957
1414 4720
1148 4157
2958 4264
1094 1132
1511 4448
219 2037
1845 598
1845 1111
3808 5130
480 4223
1516 3031
5036 2334
2937 5030
5712 4540
2221 1488
2418 1916
1358 2419
4180 2690
597 4983
2017 1635
2959 3681
3352 4396
774 5528
4440 998
2447 2070
413 3256
2357 4496
2665 189
1910 5562
1174 3384
5420 421
3931 4101
5631 1643
2014 226
5753 476
2634 3934
539 2121
4513 320
4814 2609
5331 1419
5820 5035
511 609
5327 4611
1688 918
2954 1960
3244 1158
4967 3206
434 1225
2289 2575
1826 53
148 5775
4810 4165
1569 4928
1037 1386
358 3483
2718 2127
4397 4656
1998 3569
2756 1352
210 1774
5421 2985
4457 285
5015 42
3213 1775
4525 600
2119 1460
1948 5032
1048 241
5739 5533
2821 864
86 908
2514 1881
4556 3375
4355 4352
5419 4279
3135 4095
3799 4741
2070 117
3698 555
1732 3087
361 606
118 4358
5307 2750
1725 153
32 874
2785 4188
2823 1534
1735 3521
5968 2062
4854 1335
75 839
4614 1760
1105 2228
3130 2935
2834 2879
96 4737
1118 1752
2375 2355
4824 5323
928 4437
5799 621
4104 1254
4143 2359
2340 5200
3905 5094
2254 4125
3934 1602
5600 5193
4257 5021
478 4714
4221 111
4585 686
4020 1168
4929 3988
4315 725
5082 174
1226 415
4514 3348
3304 2736
626 845
4470 2351
1412 4954
4651 1486
5524 2131
1472 3130
441 1590
877 162
582 2365
2820 5948
4844 2256
4811 2821
1555 2987
5792 2168
472 224
2313 672
601 464
601 5217
367 4518
1866 3300
923 2389
4263 4833
676 4628
4728 834
2880 822
4868 2229
209 2783
1794 595
4818 5348
881 2527
3762 3026
4089 2529
3376 609
4833 2275
24 3674
1667 203
2508 5559
812 1147
791 3355
5992 5045
1214 882
1118 4115
1672 1657
5959 150
1055 1505
405 4878
888 1360
2306 2249
239 5145
1766 3151
470 2973
4126 2477
96 3778
2601 1824
953 5459
5028 69
3657 5448
2120 2446
600 3895
4450 3944
4020 2251
4644 4571
2912 5764
3083 1665
351 4479
1600 667
5122 5896
1459 1520
447 2029
2404 5351
1891 4021
2180 5528
5224 4432
188 334
922 5440
5163 4319
1942 1689
710 2767
693 3397
988 1265
3048 5564
1368 2688
420 850
2938 5853
960 4304
2903 4490
284 3352
544 471
804 595
3073 5322
2053 2397
4907 1972
4624 772
1780 5058
5037 4188
5804 4353
1537 4199
5700 3510
4291 3635
3979 2348
4907 676
73 1967
2141 1924
4591 2761
5461 4472
286 763
3506 2565
472 5951
5576 2690
4628 2539
80 3920
533 4121
3203 1192
525 3236
1992 4819
5982 3765
5738 528
722 1247
189 3905
315 2152
1362 3447
3709 3977
1209 4672
3867 5960
950 2717
4399 4580
3751 841
1390 2112
70 4199
5676 404
1498 5291
2027 4448
5538 5788
4026 66
2021 2088
3692 5514
2851 1913
53 3020
2721 1142
316 3286
2003 3437
1998 3747
2698 4895
3808 4527
2032 5117
4743 2588
2578 1474
5483 164
3038 2160
2457 128
5644 32
2072 1304
2450 5572
4862 4684
5554 5792
2724 1106
935 2744
4999 4881
5360 2651
897 2382
3164 2225
455 565
5559 2880
1092 4730
2372 197
1623 3872
3163 5154
3096 3402
5012 211
2512 1264
2245 4901
5977 4949
1817 312
5508 4790
5970 676
522 3349
2944 4811
373 151
722 3022
3584 154
1084 5762
3660 5243
2938 564
84 4504
2340 3387
2979 561
658 5677
2181 1460
1666 2661
3227 3322
248 3395
2227 2684
3957 2708
5352 2361
2907 2035
3205 4492
2591 2960
5840 4458
5584 1840
1572 1961
3640 742
303 5576
1376 3489
5118 3178
1065 549
5462 4756
5240 2462
5 298
4498 4595
5383 5717
3513 5287
813 1688
3717 278
4731 3395
742 1182
1313 4711
456 459
4893 4346
5544 2632
4094 4222
2311 354
3580 4414
717 4463
2134 4456
3200 160
4524 241
4660 771
5087 1109
3461 2444
1269 3278
5379 2020
2737 2808
813 34
2451 882
3794 1098
4556 3367
4339 4227
2548 4814
3005 4142
736 1774
870 1171
2430 694
262 2478
5314 636
3928 266
4454 4229
2416 1948
30 2965
1071 1972
1050 2695
2549 2576
2703 2206
2726 3633
168 2749
5921 2401
4521 1988
3725 5477
1285 1804
484 4256
2304 5110
165 3401
887 174
2564 1486
5822 5478
2997 3160
1594 32
3257 5376
4417 987
4920 579
1839 1746
3840 2146
2811 4722
2620 1165
3945 4107
825 2418
3312 952
2325 208
5998 4242
5096 1312
5963 3762
1304 2726
1052 5110
5159 1045
3097 5078
5312 1153
3025 71
4627 1369
5676 5951
3052 1172
562 3802
1498 4970
810 4173
4735 2967
1285 2601
4772 1340
5212 5587
3039 647
758 3185
2983 5284
2287 4199
935 1220
790 5490
4705 2828
2406 4005
3925 1745
1352 131
3746 2083
5718 2204
4364 2663
5378 3851
3375 5338
1384 2143
2195 1906
1346 1481
1248 727
2283 2421
692 722
262 2509
4755 1141
3504 4634
782 3676
131 5068
599 2082
2172 60
819 2663
207 1632
481 1072
2905 2671
1403 335
4583 5189
5499 5701
1061 5705
896 1381
1705 3598
3712 2155
5154 4871
576 3533
1083 4558
882 529
1524 1878
4654 2575
2531 2319
2692 3704
2486 3067
400 311
2764 1775
1535 5927
2581 3899
3266 2997
5144 3038
1073 5879
3524 2707
3666 1501
1688 2817
2906 5607
342 1682
5986 2856
709 1489
93 1321
5751 4346
3402 4753
1323 205
5717 1587
4788 1667
163 1145
2505 4
3822 3248
1230 5416
4285 3235
3794 4796
2775 3964
1643 5080
5417 2505
2703 527
1335 2476
3076 3878
192 3125
4523 1416
3125 1795
3768 2329
4122 1017
5781 5018
4734 126
3640 460
2072 2776
2546 1417
3619 409
5657 1567
3883 5066
536 2014
1320 1111
517 4149
3498 3740
1156 1080
2934 591
4362 5556
4017 4509
1797 262
3609 5305
2266 2121
2076 5170
686 1870
819 2213
3833 993
1263 163
5832 41
1512 101
1346 768
4690 1916
1918 4372
4272 1405
5395 4142
5197 1438
3439 961
4041 506
3372 2565
5984 1547
2096 1316
5554 2041
3300 5860
542 429
5047 4663
5328 4779
52 3695
541 3056
1569 1974
829 904
3369 1997
1352 2323
733 5539
2340 5912
4438 1848
2894 5579
4414 3955
3254 4251
4704 3489
416 4111
4701 2207
1512 5875
3105 3546
5702 5101
5701 3300
2082 1909
1238 2154
3578 3300
997 3460
1378 3100
3392 76
5771 2712
3650 3651
3911 4133
3607 3856
3148 2466
450 3738
3831 2580
5890 2520
995 1309
738 3735
1466 4173
1936 764
4378 5050
1153 155
5052 572
4611 4311
2529 12
179 75
4238 5903
1551 4520
714 61
2478 5824
310 3014
3775 1939
3116 1479
1936 1703
4506 4377
5617 5565
4433 796
2952 5025
281 530
453 3667
2184 3550
2904 100
4275 4703
3762 1699
2964 2776
1338 233
1228 3922
1345 2241
4170 1491
2152 60
2989 5361
880 4947
1527 306
3745 511
2242 2102
1728 1142
3927 2711
1099 1638
2781 4607
215 423
1151 2571
4412 5772
2194 4047
3166 2987
4437 5002
5072 4701
2185 3195
3540 1656
1619 2196
182 251
2671 4574
1226 4857
823 2958
3635 3801
1845 3382
2102 1149
1174 2415
2685 3219
767 2293
2720 5625
1300 4979
1217 1492
4694 3345
5863 3553
1773 1323
4814 157
1255 468
4653 4051
2880 2763
680 3205
2274 4957
758 3917
5566 587
1206 4084
3836 957
5470 5186
3088 1702
3940 3799
2605 2202
96 5625
3534 2158
5953 2879
547 928
5232 5086
2441 1447
1538 5970
2205 4187
1809 4655
1042 2215
3853 2152
4545 4798
2095 1824
464 2764
4191 1727
1030 1855
167 5207
2782 4950
1815 5799
1818 4792
330 4672
5562 2872
3273 4183
4494 4392
5790 2106
952 5436
4108 4407
5829 272
4493 3577
573 5532
3756 883
104 4551
1524 4290
4036 2490
5144 1039
4597 4598
1605 4642
3404 680
389 5437
3788 284
1221 5208
520 465
3050 2872
3344 4460
4239 2838
2126 2222
481 4845
524 3002
991 4916
1529 3650
3052 4989
5740 2273
856 2716
1303 1359
2382 2828
1295 1504
1071 4943
379 2830
1054 5
4844 440
1661 3119
5548 5291
5352 5459
4937 2544
912 1315
5060 3846
5484 2473
3589 4978
1403 2198
4466 3940
1884 2188
5712 2155
290 5720
105 3068
5634 836
2030 1919
3999 1051
2367 3578
5112 4543
4088 4514
4080 2535
2142 5807
3214 2125
3515 2032
4710 5048
5510 463
5592 4084
5991 2502
743 2763
5609 4561
2829 3294
1937 1526
2781 4388
4286 163
5177 1415
5441 4871
4501 4282
927 2036
619 1775
2676 1379
2993 4041
2459 1352
3800 590
875 5735
3814 4719
980 3240
1047 5115
1083 3127
143 2000
1649 2207
4723 5363
1787 2503
2632 1843
670 1117
1372 5529
2489 499
452 5378
4743 1272
406 2976
1669 3208
2568 5054
5713 2342
1064 2002
2548 1977
45 344
2674 2948
4062 1485
5871 4299
2146 1625
2803 947
1047 689
5393 3961
2199 2843
901 4966
4600 1091
3164 3505
5283 5118
5945 885
184 1933
1669 2260
2287 1300
5286 3869
5570 539
532 234
3929 3157
1704 1197
982 4368
2853 796
4562 4108
5179 3722
3176 1679
1641 3832
2689 2152
2452 1500
79 5314
1270 1857
2493 3564
4520 831
1223 1559
3330 3517
87 4623
1314 2387
3647 5341
4892 3733
622 1661
2162 4909
5292 5476
3863 728
5444 4649
3524 4485
362 4734
4807 432
1719 1278
1172 3061
3847 5619
3514 4402
1023 1756
1278 4348
4194 5487
4890 5137
4181 2609
5670 1406
4449 532
198 2098
1241 128
211 3506
493 1237
2847 5086
1471 4176
611 724
1908 2541
4059 3412
4012 2091
1013 3684
5477 4710
4853 3316
2397 1457
1229 4341
1175 930
1595 1637
2609 3122
2291 4542
4627 5445
5871 1425
1642 935
3108 3452
5749 2728
375 5332
4064 4490
4208 3391
5711 4584
1134 1120
461 2745
586 2216
1463 3349
4512 2939
962 503
572 4130
420 3044
5009 4863
177 5451
1472 4550
4884 605
5383 361
2305 1759
1864 1268
1688 1229
635 2187
2109 690
2054 2753
2342 5957
2332 4043
1605 2550
5173 4100
3031 4282
1245 4034
604 4723
5054 2152
1559 387
2162 381
4984 882
5219 2717
2936 4255
726 1375
4197 1379
2025 2807
5279 1484
600 2973
2498 4184
758 1885
1125 128
4025 16
5106 5464
983 4764
1527 4548
256 4791
5469 5484
2364 3665
1719 3523
1703 5987
2700 1077
1433 4994
9 2144
1323 1433
4881 2964
71 5750
2566 2877
1263 5875
221 5489
1233 2184
5740 5045
3370 2367
2711 3829
1160 3480
2572 1460
4020 4846
4716 1920
2992 1066
3771 2713
669 4343
2185 1859
2865 4789
258 5547
2726 2354
1603 5255
1558 3814
3422 5936
3366 2173
784 1588
1553 1754
2464 1975
4599 154
1227 4987
1493 5607
4542 2688
3735 4607
2195 13
970 1700
305 4479
4951 181
3261 4161
1789 5420
2069 1229
575 2185
1950 1074
5262 4752
1403 775
3751 5630
4034 5695
5040 2497
3498 1661
3311 4809
280 5673
5069 4010
3082 739
5561 1299
3859 1480
767 5300
4376 3028
4250 363
218 775
87 32
3365 3354
1485 2674
2360 4403
5514 753
4391 1175
1583 1517
5694 2496
4543 79
3702 1951
1412 2102
4876 2356
947 2885
1776 4619
5809 1116
5324 2281
5141 755
3366 4696
3504 5438
247 880
1642 2685
637 3335
3199 515
5581 313
698 4330
4013 1995
1057 2661
3682 1644
1025 5671
3973 2157
5595 2834
5819 595
5775 1377
4085 3579
904 4986
389 1229
3161 2974
3923 2036
502 2500
4671 2829
3541 5557
599 1309
4438 5337
2299 536
82 1985
3407 2512
416 4358
4609 1659
2494 259
2012 5800
5245 4366
5068 1267
2653 1133
2674 4663
4460 1686
3578 1155
2697 151
5548 2288
2429 1400
5568 2402
2669 5757
5254 1581
5705 2209
20 2522
1272 1055
833 3417
4248 3842
3218 5913
944 1968
354 1623
4505 4738
5272 3812
1565 5032
1683 1418
366 3803
5449 1247
2186 5746
3425 1819
3357 4425
2429 5639
2935 255
4509 1046
3328 894
4127 1032
2010 2193
5323 1885
4998 4001
2607 4423
4393 2256
5334 5907
3744 1018
1790 2026
5345 4777
1337 1170
4964 4728
2868 4106
3619 5177
2967 1559
2062 5915
1437 2360
529 4278
1285 1136
3994 570
23 4325
5669 5943
