10000
51329
30468
42715
60403
73618
89645
47064
90754
17642
16952
62659
39559
26121
90254
84156
78249
9404
94402
67932
77957
12243
13733
53714
79491
83620
46649
56485
82214
18511
66744
28539
29091
69574
51568
15455
37202
682
58912
5876
69439
40906
97139
71154
74185
44490
88615
81338
23639
23138
56915
72547
65270
58844
21616
89672
47455
95397
49860
46548
66525
41961
37327
75430
81534
89101
44863
59747
22072
40460
4555
65604
84860
14413
30309
32715
34178
3028
67286
68204
88268
81789
76950
98448
13103
40535
19967
76891
10618
74275
77768
15105
91317
30931
75014
17976
10829
62152
10235
96451
98662
78102
80803
47884
87967
85076
52500
19326
88256
5344
64181
48258
680
46238
49482
65023
79807
60566
44954
92892
49983
15970
93026
53454
76533
16842
84268
8319
36441
75196
52404
77881
45069
23059
27955
70773
49191
37783
18834
27933
46823
62412
93522
43980
21630
8054
60053
58425
34639
83114
19880
1742
3142
18163
68334
94676
10590
4012
22545
16081
87228
13625
33303
70080
65383
59762
94478
59260
10190
68870
80956
13674
95833
39086
83253
40728
26238
73804
92590
4022
34929
66004
84840
70095
35181
55238
91727
49789
67493
33101
52064
25728
64856
61520
52315
90387
66893
23125
72065
40310
17710
88434
61939
26070
2302
19921
25656
76667
9307
23189
68034
33812
23137
8133
99780
33806
63327
95792
20701
43816
64515
15520
94833
35109
91106
10861
46643
6328
33212
14057
95289
585
94936
22590
79681
9949
8165
73764
77716
53867
40846
9958
51503
84686
45010
4589
55896
40597
55742
13924
97802
33775
49912
73988
73517
94329
18150
6432
41490
94238
66673
30920
79749
41715
70431
51203
66458
61766
98035
49113
37154
90065
38101
28012
57902
39818
12186
13887
56176
90093
68063
4782
84173
15374
77277
75482
14595
50818
85825
86264
2785
97667
47944
24997
76105
46078
20522
92195
84790
16236
74429
44274
76364
77230
84742
56426
23943
60559
51783
39406
65172
25619
8792
55491
52067
14887
11333
49384
93993
13868
95838
6351
38154
63157
29665
67441
22271
49425
25788
30285
79199
87792
15195
67166
82937
44462
80326
8743
95845
28246
72449
4646
48423
98497
73019
76127
39882
23832
37744
54695
82289
72760
30437
75614
74039
54129
67539
72624
22363
98916
59309
67678
63358
6517
54368
96551
99432
6097
76999
606
84018
91723
21781
21498
95916
50501
41880
74601
93460
40796
81452
86488
86964
76946
10443
19277
94484
77736
43038
68094
35861
88360
4029
73772
42752
60867
53814
29975
93779
3054
2582
53912
49535
91737
38556
9578
25818
32119
40832
1119
38480
56426
16622
84795
3997
53373
22663
58838
88912
89158
71646
78973
21120
87496
24954
75802
7503
68751
58349
35565
39589
85973
11534
13304
63790
33219
95121
61944
47136
8286
2858
47487
30216
9042
8509
58202
99907
1117
20439
95376
38904
31015
84505
36134
84784
48795
43323
55693
9155
19645
67853
23826
57255
30360
47751
7049
26735
82321
85356
83185
97165
67205
89958
85599
28181
64820
27195
68024
52153
83572
92272
92635
32765
20759
90850
22995
61186
70349
69619
17493
39581
94361
90863
42606
31759
66876
74990
73
27611
88036
43636
35494
30353
76791
22354
32695
11153
35515
33227
54423
64669
36242
42702
82628
79555
53693
72806
57034
61087
74449
16918
57375
30135
60627
98824
80609
29196
83744
14818
51443
75348
3865
51216
64822
94329
57371
7588
48835
77631
41409
66341
62517
10336
50241
53964
88715
12997
16910
18341
81739
80929
14560
6463
79632
82356
84230
42245
7045
98188
44538
19586
19162
48746
11542
57180
80252
95510
21917
59171
85342
16323
25618
21888
81343
80154
71874
81614
61303
21998
13258
66410
51746
4413
66557
98220
56951
82864
26276
38190
78471
19120
61760
9601
74615
45703
59663
96580
24963
15343
56847
51313
87650
97362
25429
3056
72711
19259
6549
43201
13788
85460
32863
21585
70287
31764
63608
56593
56600
33745
19523
66580
36675
4403
65014
6619
76268
68465
68007
20348
53133
31309
1905
69117
53489
76870
10818
5626
22432
22203
88280
97607
32367
59457
62736
34794
43399
23635
11180
26987
43778
48899
47005
23729
91039
10845
68634
5222
34434
7606
24043
72531
62490
25249
55531
42592
51594
14121
41591
16455
30859
87361
95562
50428
18169
14996
21486
72752
56342
67297
14725
63490
50535
75636
85557
40296
64763
40305
18512
91240
83354
53389
77563
56896
59368
33761
15741
7624
1887
19599
7754
36399
64535
63934
5538
52392
76289
46856
53945
55579
56984
62130
15052
44333
12952
96503
6578
45178
33528
30516
33231
96646
12836
58566
94589
9547
29319
33691
2052
6872
53457
1689
34646
33438
37699
77813
28570
88557
57165
5017
18274
62634
1242
27660
95471
28051
97674
7919
84597
81480
14037
45039
22287
87985
32607
34198
43119
60769
9732
51330
5094
960
8299
30501
92293
52946
37354
99631
44135
34369
97794
36082
14845
18359
8748
34049
17942
70757
18086
86128
25593
32637
50599
39381
86372
50948
27691
27624
44833
20065
36761
35425
70159
17211
8791
78033
66014
5997
71020
87861
41545
52863
83616
71616
85420
85439
65885
32890
17303
72979
57544
95886
14049
36297
76608
51771
76976
31738
69810
15131
69831
77337
4811
90649
26005
56540
81973
56620
85048
92181
70362
70938
46698
32288
88800
95723
24011
68738
83724
7715
95930
46428
2346
38078
13128
94162
28677
63556
29021
24500
61642
12651
17111
32146
38467
67353
85279
38980
11064
76179
71818
64194
89524
12248
97586
11987
68597
4251
70154
75613
28054
57498
25851
2007
70253
55310
29786
37298
36861
83395
11762
70949
76060
90788
70830
71176
46579
13064
43392
88807
76820
9478
70168
56811
28273
88462
70303
6716
26425
28643
97911
49615
75926
67420
66087
90096
78773
30243
83667
20332
56445
99398
58517
36190
48097
47785
61594
24173
53579
85896
97632
34350
61286
73365
23204
73545
4801
27169
26597
36559
49327
38802
30978
97547
33008
12847
65856
6051
22661
71546
60182
83783
72088
52307
70226
59507
12770
71980
45433
88939
17766
66937
70171
92003
78696
74310
96076
62663
23936
14067
25192
43328
62298
40319
46766
25160
37474
26134
76851
77893
12327
52370
37017
3929
95693
75972
99283
54899
61669
97006
83187
10005
16325
39021
3076
5081
79967
2947
59941
61860
80654
44690
11452
56329
62134
59673
12143
17830
641
16399
57073
71888
56496
2364
40503
90297
13051
64999
24696
46803
1444
19675
45222
89810
65011
98151
76978
67126
50773
11754
11505
36552
65816
92464
41463
41445
20341
88493
8083
25671
69371
4317
26475
54359
7612
76592
11738
86180
61547
6892
52446
86139
88043
84471
55146
27542
41218
79793
59691
61951
27756
40940
3781
76497
56914
30409
72216
12281
29411
51579
42624
42296
52507
9002
29218
99832
30323
14376
49393
92933
88436
65413
52176
88666
25583
51014
55651
54785
43064
27219
87489
43952
48557
70872
94628
79114
85214
2585
79207
21750
63350
21982
50348
87567
4535
41364
53719
50099
7454
37508
42076
37633
40850
31253
20923
46241
71127
23229
36363
67197
15812
29746
5806
74917
1460
23478
35306
78836
46496
77746
54218
27844
63565
79184
96008
68370
51790
70404
63194
29590
25903
82839
18320
76562
28729
62634
24916
28429
92400
37722
60583
75789
94130
67097
12270
4191
90354
68954
68032
44099
50211
66233
21100
39252
68597
90442
12843
44040
74207
49789
87232
53333
67216
19979
53022
85247
22350
14513
63153
33647
90424
34567
55548
97338
87135
79492
27844
48301
54693
37849
63311
5719
13713
84078
35404
97621
25767
71621
70623
36349
51084
71191
67096
57025
65746
48519
24702
39177
68595
75148
49841
53645
77115
5141
61747
94466
31642
83232
38150
34473
88375
99461
72084
41835
72529
98490
61638
92668
80223
58831
42438
28156
69018
64662
80834
54841
73442
59833
27959
73084
30396
18248
79795
6387
31472
65908
11081
91612
84343
28821
21476
81559
42104
81471
86965
2074
64923
949
64843
88759
73551
69673
18480
64805
72089
95464
68796
24322
74518
67607
50711
66140
75865
3190
64356
79160
65240
29861
99495
50443
62140
34217
39092
60483
33767
74226
86623
54825
40676
51027
18323
27824
48029
64108
45834
79830
79635
81923
9786
4388
430
71812
52116
89921
36977
56170
38310
48806
54778
93114
67033
64535
26548
85170
62764
12651
87421
88868
75323
96389
620
95500
12630
476
83270
2553
84313
4416
26636
90531
98709
54966
20473
28159
44180
11562
91034
74863
89534
81571
16767
8952
96912
54658
83408
99302
70734
42953
9653
59646
99763
73695
34998
97848
58799
50190
75674
46498
94338
15824
85610
52671
99654
25015
96257
66524
47705
46626
4339
73013
21627
14806
25207
17573
93269
36236
12296
25540
8739
80846
21996
45644
87917
99784
86271
67554
63063
98005
49944
43296
97668
77313
97059
7809
14037
67694
86636
68621
94275
31458
33252
62411
18324
90422
96764
14586
49240
99208
44813
99404
32739
62688
52579
12536
52068
77688
86679
9055
68418
57508
87798
36167
91429
65848
26290
68781
8069
77507
18771
33644
28528
76187
35239
8646
42061
55930
99974
96949
55478
64826
91149
79892
25541
54376
51602
39707
37210
11718
27665
69291
62328
67047
67132
7578
43937
4422
27858
82015
32475
47047
83773
40714
53910
20757
57784
5158
22594
7015
92271
21321
66926
68278
16225
72980
55930
85877
99426
62027
80094
75090
52288
46924
80597
31232
50159
43536
30146
27519
49543
33383
32722
15870
67220
68944
81908
4220
81966
41051
4349
57505
40053
78626
59616
85417
68362
50205
60193
45481
28899
90578
88241
17778
45701
30249
37193
88536
42133
14663
87603
72280
78326
66156
71909
12440
90860
72469
98736
69617
59554
64895
37689
83647
56665
40283
94768
12328
5801
17110
72218
50349
63595
16480
56700
44698
73706
97023
52350
26162
23910
36906
64234
1160
20825
5956
52719
40808
26302
70083
88915
71394
50864
56689
52413
68597
87130
49651
22500
74029
50212
33595
46904
97023
18022
31665
16813
34354
9386
93759
91629
97360
35518
36598
12512
85643
83889
58556
69958
72229
98276
65263
66033
63971
26161
34684
39875
24360
22505
96398
20122
59524
2387
43548
83440
25281
989
63876
52844
85190
55116
84974
83980
62832
71712
24939
414
37985
96712
83644
33902
74358
70949
38269
55903
9267
65814
45444
85133
90341
76614
77624
92660
63039
82295
68816
91589
3403
99830
92683
63631
79154
26609
67387
55367
51566
80963
18658
69251
77624
12652
23038
29792
97263
4596
90891
40123
31273
55695
18064
53354
3153
54293
12071
4858
4681
19161
43257
50542
82837
45615
57503
61879
55742
79120
97758
97818
59515
47724
39802
25244
77029
25887
92051
64261
22873
41607
61998
50231
89067
52670
10544
59376
96039
50677
51532
99539
33646
58281
77
22887
321
58730
79856
56753
89034
55412
62294
11747
6683
427
61272
72448
11977
66049
62230
33568
85451
10283
51118
8760
96998
83574
73421
13105
14332
57054
7596
85413
73854
12574
30330
35393
2551
94877
67449
44272
87645
26340
84126
48096
50083
85958
74129
46384
24948
21545
26197
92939
77459
1659
94233
15890
64644
95179
28784
40879
49652
46911
18120
188
85565
41060
95268
15167
39417
18144
85993
67112
43588
84469
86483
64279
68134
61392
56716
40635
27969
43900
47493
44725
636
47350
49974
68644
14988
18100
66992
82128
56494
98857
9416
1983
13838
42372
41013
47993
68532
28014
71121
40449
63289
73806
51142
42506
52065
9552
17734
21181
41057
31841
16057
22771
89285
634
60123
52380
70437
86055
5115
56997
48343
6453
59237
7079
20171
46813
71164
75493
44919
14926
77917
39543
52331
54799
77679
65274
58922
53737
96782
34139
40619
55210
80074
37221
58337
98155
32377
10121
922
44277
40228
49238
88462
88104
84361
76688
36972
58914
41945
44421
81371
92847
34389
76359
98896
69166
65153
9016
52374
87468
98760
17827
58801
49769
80693
86942
83477
97439
53379
6336
75134
62772
99668
13128
55548
62118
3647
45455
83138
45109
9629
61300
91081
66018
14779
92010
59453
68723
78450
31502
83976
32978
16251
96429
92083
48238
25315
40392
17391
58425
94823
8481
88186
31302
10599
16634
9145
64544
52543
6727
45277
5599
57140
81223
85273
9626
48617
69770
11116
94915
62120
79669
37417
98695
39483
10151
80263
48049
64495
52048
64341
25358
36425
28008
26730
36936
1356
23752
50865
43695
38507
4316
5775
73194
12
46658
99695
71009
947
8370
66109
20268
88283
34550
41698
31058
55272
13581
94209
29649
90555
67479
50844
22155
68315
41470
19378
22657
92079
2288
94580
14381
29158
34009
33537
35862
63115
38167
32533
17719
86087
67879
63447
65666
5341
58608
94124
94554
2755
43329
51137
76439
31765
78806
64541
88290
82898
37733
52528
93626
37249
6862
88563
91363
75955
3496
84668
48445
1188
94331
9705
22829
91611
53829
77692
26915
16914
10941
35754
40688
17384
91807
47078
43884
99778
27206
42784
49707
44606
94248
36374
33240
19363
97200
44521
72816
32964
41628
4115
29590
79691
44254
79108
69055
27461
90210
15436
22666
86129
60905
1327
342
7634
34391
54029
67697
50432
77671
57595
61706
4959
44043
88833
17368
73887
73967
83329
87601
45098
85925
95149
22338
26799
96237
41781
48910
29498
2734
37345
1134
28378
70542
27197
26070
40932
88085
55230
25200
56052
82252
79364
91521
42385
29808
76486
81286
97327
327
67738
2763
65467
51015
27181
84987
10953
53543
61528
47656
75343
99926
87634
71370
54611
17222
3594
52215
71383
29865
39013
26259
62956
46984
23087
74100
71375
40262
17767
81760
45327
10571
1125
62390
61702
2914
46451
55668
94642
9702
8834
69457
85550
63731
25973
32554
89386
19930
5364
88275
49889
29229
3925
30048
71741
89660
9313
93201
46057
30759
63765
28895
28062
58913
93511
33003
23558
94347
4762
49596
16763
26642
99908
58438
62068
76506
29851
34211
56898
80338
4905
7174
9885
79868
84941
27539
32481
77998
39395
82856
9857
23646
15669
57635
6894
24978
68011
80977
77126
2758
34422
26351
46145
66083
29836
32818
87451
69468
89032
44164
35722
59959
88783
59350
21816
42977
54046
82403
72992
42185
39670
53175
18614
85534
75611
15711
59965
41913
11931
21344
44039
80418
38245
36077
53598
35787
39851
13094
7027
63939
17992
17884
27662
59452
485
68321
21952
64341
65472
67973
80421
72351
21349
34425
64463
47126
81323
63096
2087
55648
71963
49997
24425
51828
78558
39400
81253
6366
23497
45628
16130
14172
18485
60271
69375
34299
82039
94518
47184
82647
150
24547
17374
94047
45061
8061
8425
56824
89785
58126
36063
81226
61599
30659
86906
57457
60983
40644
10694
46042
61312
11303
16336
30559
16766
55818
46063
97411
33747
88051
52168
98397
69232
72717
27857
41770
12202
69717
94338
56932
49623
52555
79489
94650
74010
62966
39637
68044
59075
51187
38207
6628
88464
12320
68743
58136
82544
33553
53110
79416
37788
14057
90831
29385
64107
88562
34051
40454
8997
47660
93621
62021
96395
30934
8055
83458
45149
30785
84300
89005
97718
32682
36109
10427
52703
40961
40836
24299
73029
59392
27543
56717
54019
22803
11507
48627
16240
97283
65033
23278
80119
32940
75199
88161
21113
62956
34379
45774
10304
13573
62373
27003
16439
545
98714
98875
7849
82614
85686
88871
73040
25871
91322
276
18393
33735
46098
34364
48479
46191
28226
97794
75232
1072
13699
95332
71553
38458
39396
52999
86636
95199
34205
46482
6238
14639
72533
2090
90783
72295
38698
37892
37689
65533
95537
90196
82232
88377
67850
23320
15362
37912
22673
99978
56096
4137
3103
42724
66361
14698
75695
63605
45282
39283
22244
59841
80992
24231
85696
98005
29562
29178
12139
11068
45788
32463
6537
76769
86153
2611
27733
80755
49513
17450
63669
89719
56962
91648
53941
66604
6061
40315
98357
6551
31160
40915
15206
44355
84343
74615
39284
55827
96771
24509
70561
60733
20315
77042
20293
1223
89130
3625
15512
68430
89272
43195
81644
93281
32022
44084
5872
53456
9619
57877
5330
41525
9301
31750
97539
52355
97341
59786
89855
23298
3779
74173
67257
36471
59398
73210
91929
84266
63200
25636
94317
81655
50544
22739
52951
92198
347
32632
13233
60398
41728
8107
48751
43922
66830
66131
91838
55418
16855
97034
6974
44826
66156
25601
41959
9454
22901
63180
750
33232
8792
94203
2741
86986
46882
58750
15165
14846
16526
81464
14495
24963
43050
43200
90002
13606
23451
30720
39607
92692
67342
92982
19097
50120
31612
92505
49265
2076
20235
43991
98020
35393
2628
3903
44569
44098
66965
86442
97340
37857
55983
5429
25871
68144
77741
52349
20173
20779
15323
5432
72352
59377
44653
44198
17897
7509
36659
82567
63392
43615
83532
94947
48380
69677
81154
70761
64869
17096
95113
38723
17347
87528
16522
60753
44333
37178
67163
84731
86378
67208
77824
3075
67004
12793
31992
73620
71007
10871
51441
62393
44266
94591
90032
14114
53553
34756
5774
53371
50403
99834
58809
79626
37388
52797
50859
30487
33683
25345
26689
89070
77724
82838
35230
87230
64757
82312
72868
21833
31536
10464
57658
52787
92057
4320
66062
32729
34976
58916
92309
52942
58630
79660
40822
42769
38594
3063
558
95996
57281
76419
38504
53682
16547
91396
83266
69192
83676
20590
25121
22622
75363
33576
13966
67935
1556
1793
54419
62133
50694
43911
96068
56439
74047
93799
38702
49442
14602
44680
81989
61587
41401
12092
63945
83740
45237
12624
96427
66427
70290
97637
18019
2801
37260
72537
52754
56199
80820
13515
49122
30832
94621
9235
22975
85283
87927
32392
95453
49182
56046
80233
10512
57389
1542
19807
83949
23593
74983
36715
75209
15431
79596
26528
8559
81892
45796
50054
92947
53474
99109
68424
3336
31786
53183
353
9919
40575
58004
45680
70159
92650
44400
48896
54865
87775
85094
56840
26432
95724
19298
62390
90984
75062
22473
66254
39657
40525
87909
7681
4549
52097
43322
70616
59720
67903
77646
28108
69873
79818
77638
34016
613
92203
70580
92974
50009
66968
28699
87818
78603
67936
77850
3257
78686
13735
65959
40666
77323
26813
46541
31922
44325
64092
77508
36143
14588
16020
3860
95413
9117
97454
96988
77627
86529
76758
29635
77190
67679
90205
97773
26684
63931
32759
59503
61372
75458
77189
11153
23703
51235
72893
66965
34720
26484
83693
62206
32268
84918
26715
59222
399
33978
43244
1005
17892
18451
55892
54834
75376
98727
27918
70562
51515
63937
4617
64772
39816
90605
94104
66180
99951
72233
25953
84134
66173
9685
55069
68485
38918
97225
1890
64157
90944
15457
89170
50970
76481
38736
64056
95658
30739
21485
76171
96335
28817
16866
58099
73786
66323
1116
71671
21554
17203
86830
78008
48269
86072
18908
70608
10346
7353
88832
31035
61474
86311
62712
55096
25662
60237
36116
5148
32801
6061
38166
15604
9067
86897
47364
50452
93905
9500
60030
64390
12280
72594
28670
86262
70751
26742
60564
85192
84583
51902
78575
94015
2758
27733
11590
23740
56868
27047
28987
40138
57882
52666
47126
32262
9779
20265
89780
26616
84799
14097
56100
84475
61908
87452
9789
91403
48138
96203
42722
41263
53575
27622
2652
84417
28024
37594
84241
61529
93776
18858
86700
3543
87382
40222
43223
8346
72769
74350
27972
4600
83875
45526
64230
68696
22701
21579
57381
84627
50894
39223
14886
54480
82420
28588
69094
63114
2137
86393
25406
51364
49104
68037
80653
46310
69652
19521
51111
54957
50358
88755
82811
3232
90968
15915
56852
12049
46306
73765
14811
79484
75759
57169
96801
91302
70650
68774
12160
92547
9674
77097
66707
89104
21174
4268
89013
99893
77436
70400
53964
12061
2371
40644
79612
32084
99105
81652
1669
61385
13279
18439
98649
47331
25139
40329
72109
72120
72858
25402
85123
61821
50530
69093
20317
66115
70095
71902
91230
14293
93000
1723
12964
52130
25444
9351
10362
44501
82163
88186
93970
91291
22834
3956
49454
72878
82631
76273
90482
60659
59385
26320
85835
36569
74962
84027
15413
15084
55464
51056
51230
16605
71966
85945
98400
83285
41952
44729
33295
2082
68109
83203
79685
26823
25682
27841
11533
15480
169
31491
5004
78119
77744
29447
49947
21760
48078
61865
16544
71161
69548
56256
60146
57554
21250
72961
13513
38269
73530
75504
69060
10755
3680
25243
72903
75190
44209
98730
29289
12718
50115
29161
79689
84647
99340
84757
13508
74719
48368
65532
43966
29061
25265
46665
6217
7574
63977
17484
4260
83787
64586
50550
61515
4815
88226
78189
62950
1961
7001
3810
61136
85651
42462
50400
4714
80912
32768
56293
9131
50152
97563
43222
53835
82611
38668
94384
95895
73280
44017
45779
63084
55265
40032
40631
82449
9888
58717
18583
91288
5209
33289
66730
43874
54397
61086
5721
88780
45189
10813
3967
27807
12389
61399
94936
79337
80987
50330
4324
72694
5435
31305
3488
52470
18255
23395
22290
52833
73218
91260
67089
36854
91546
61434
59686
23742
22294
41728
22935
89477
62919
3350
83186
40032
60721
60914
7386
71918
94382
91226
96922
94012
48103
3568
32159
75928
12088
84906
43569
47493
2729
96215
11583
97440
19566
38072
42766
7479
75188
64511
86603
35806
68813
12882
9269
96205
83087
58540
78909
41184
1678
11222
87133
7745
33697
71142
67320
38700
92244
58413
72675
70937
32335
83233
29295
33585
23750
67467
84087
30895
26390
3155
13540
17639
96253
47618
33803
21065
17017
3345
58262
63471
74649
20724
83374
20098
84932
65034
97368
39043
40276
54934
21541
18075
7517
20171
35758
48092
52971
15067
38165
82927
56844
63299
76444
24523
57523
90290
83994
40958
90846
29960
38484
63876
24950
56826
40394
46222
1644
55929
9919
27671
83373
36418
60198
58979
17298
39827
54156
64347
86468
47091
11147
71865
40584
75074
60765
17690
3575
39250
77750
2616
37195
77268
26967
43681
58941
43279
58128
15982
99883
42341
80795
25519
49446
14071
80729
98000
23340
74803
19242
99813
122
55787
5381
17313
97222
39944
97188
61135
1025
72854
56236
61239
11071
72980
36923
32581
95375
63375
98182
14681
5554
97795
37774
54871
26892
3446
45366
12824
67422
71366
96287
72739
86990
86732
94704
59728
7251
18888
36864
9707
10846
33963
46271
7093
20758
16028
36876
66968
4601
85458
91066
57614
91240
61258
92937
5959
69430
8727
3063
48649
13637
30906
40976
40126
22663
26896
32123
25215
61168
33649
67391
66672
42039
14914
12269
22139
87406
83954
87856
68274
77804
68901
41708
58288
39273
52645
83556
14813
32501
89926
8748
31756
21868
71465
87026
16685
86189
30898
62446
96704
88910
17442
68533
70173
72363
22319
83365
66898
8000
30982
23608
21390
73789
26120
2093
78773
58908
75505
9181
45113
67270
70973
16784
36407
115
65905
79138
35470
8570
77430
98460
52136
1796
12625
27595
89870
23318
28560
37895
16225
12211
69904
27562
54331
64402
79903
14155
48020
82835
96204
72550
5616
18089
83342
47555
28161
30455
18002
23059
26968
20221
84669
39435
98266
2023
81274
66934
79478
63185
58562
24179
92071
76828
88125
91737
90392
95794
47838
82681
26812
51517
91609
62912
59021
7401
88896
84148
3765
92019
81445
79728
28023
20299
39346
27059
61513
11009
13484
34341
77361
75120
83986
68886
94514
33104
10239
9111
27076
32106
23486
75345
98902
63311
71011
80539
18398
91456
54815
91063
66922
89618
58395
64782
5151
3767
965
56220
67941
95948
12776
53471
95685
20773
11422
96681
31186
88738
77841
96456
50513
98047
32722
31710
99588
35817
37437
35422
79212
18048
29376
33219
7832
9160
12034
34800
74396
31138
57163
42816
1888
29320
92349
89522
83179
2759
84963
879
69235
59791
52435
5032
66149
7587
76633
8602
55491
80023
54694
14042
97686
72830
92076
38913
90846
2492
37469
56365
35107
24410
54000
2330
41504
93000
42967
46616
10529
80576
43995
91346
6329
47958
34076
80684
42459
44791
63300
33759
4718
50013
36352
76898
25749
9058
95364
93078
57178
40256
10166
22508
84344
85365
62376
2261
12660
65490
39450
17948
61518
93538
85435
20409
18040
73337
73546
18252
4561
82479
17512
57134
80610
56914
92385
85862
84533
69657
35385
61038
6284
53616
20596
27610
41938
93468
48605
91282
14465
26330
44169
47675
89752
58984
61673
51850
13476
35972
48096
81153
30672
91174
87614
85399
6476
93580
95090
61478
38418
85608
41166
49198
85713
9696
17718
84631
14762
88213
98952
52138
37760
31488
12186
46120
39716
912
446
20266
98820
68668
85932
33357
27539
24469
17967
15798
20871
96702
13976
32318
27563
87834
18183
60240
53246
46719
77973
13473
88021
8079
4888
71309
68621
17731
6176
47988
48655
26826
36455
89916
59552
15742
92568
49615
22312
85376
27406
77184
74398
6140
84090
79489
4068
90363
83194
23766
78946
10468
62537
88130
41094
66079
64775
91033
47716
3935
25453
70979
36954
53904
86141
47293
59429
36549
26071
89221
53471
2798
75583
20000
49368
43785
48486
8741
63103
16114
69809
20219
57120
86320
95883
75156
39399
31526
23834
41928
84180
65322
59214
14864
40970
9051
65640
26109
5995
95158
73001
53873
85178
88822
2237
55852
9968
40742
72883
96731
83249
71138
8653
43451
73036
68100
96262
70561
79015
65880
57835
88234
40395
83827
316
45087
58624
18535
71747
21248
70833
49499
78839
33584
19983
64276
46650
7536
58969
16189
19752
66055
97190
10230
2298
40498
42297
79827
32933
67827
40152
9797
25420
99970
80624
28323
12741
61825
45501
14307
32932
70132
26755
20873
82741
38960
40048
25016
59930
19144
79233
35510
79191
8336
66774
5635
33009
5314
55715
99350
32271
97484
66690
90988
91343
86082
19511
4262
1466
92376
65373
18079
32676
65688
85515
26635
55512
29366
50651
48907
32921
52452
29238
63728
124
51472
63460
32897
59422
44957
18943
38816
84653
62284
95787
7809
52964
98716
83512
45551
67242
61204
55539
40853
10290
84408
26522
91553
82044
56166
7494
88592
63306
88673
50034
27820
67217
25749
21123
76893
75520
11028
82071
1251
86158
74063
41108
31492
98981
38932
46126
76888
24836
93818
70609
50298
17661
62605
49871
36770
64065
19200
46518
53529
30590
48731
40963
18831
42797
82636
38376
28351
78016
70292
32670
38081
68024
3096
17935
22038
99548
82045
76006
63937
30677
99732
35930
35790
74910
82575
79527
88958
84880
46260
9399
68383
29236
8500
61312
91839
42102
13644
66011
83546
4383
3376
31541
44017
9390
48658
34532
31108
55172
53132
81714
81823
48683
21256
18836
28888
69040
61672
42794
42870
75607
78484
38203
80938
67117
45224
27399
11066
39249
11338
69968
86867
3034
88130
34962
31590
46058
45396
39718
7221
6574
57641
32434
25354
67607
3756
48910
73989
30578
17019
70746
83667
81192
83473
27489
96982
50271
12631
43625
55508
18576
50058
52
90914
1274
93387
651
95668
62372
36709
62610
63139
63040
7121
57818
57536
65512
29230
76589
43494
81135
88900
84052
64851
57103
37854
32483
75603
57306
80882
87271
24447
87440
19769
86870
72384
73577
89684
9479
37881
4583
83816
26477
64028
62306
84200
79878
98383
49234
28317
58554
10709
85133
44571
49362
79919
57955
13968
12339
95160
77499
5523
93330
14699
64831
79388
62399
17026
47283
37723
17614
87176
28494
31923
76868
80137
55290
95009
13775
12948
91871
21073
90912
92245
64106
46446
83095
22757
47639
35973
54956
10818
10675
41065
19367
31322
77978
25797
95100
26088
8378
3673
44998
36540
23286
66528
78290
47672
68944
16300
60859
55584
90934
21936
10154
9196
72379
84261
10443
95123
97461
36155
75524
83678
56018
20151
6263
58922
44136
88290
41929
99708
80611
67873
4828
66322
50464
51346
71062
42324
70694
13238
57267
66594
16304
50995
57996
69013
86609
99387
91378
30767
72390
79528
48158
33217
7322
98253
18000
93676
99360
11651
84459
81297
54113
43248
19276
49786
19562
17435
84707
81353
61585
70608
50922
75769
80835
81813
15186
99386
36329
39496
94231
13654
34738
43384
91288
10432
48289
97951
25896
29308
97601
89412
25357
42093
84391
61192
68348
55106
42729
91463
7178
80446
65535
91196
24689
54689
31134
95017
62439
65172
37117
99406
57920
99
64443
18337
11815
81214
92684
54688
97496
77072
64820
92393
79736
38487
70152
38467
53523
30694
13944
1030
71325
20669
68451
85319
65696
86767
29699
15963
48000
43377
41689
3828
62117
95604
7766
92807
25807
2057
46927
24790
11602
44459
43352
82344
44778
70365
59930
28219
26400
99351
27064
93350
80096
29018
85644
78584
9624
90442
12879
66505
7383
67036
47905
98362
47785
64784
62538
74503
89287
93531
73620
77118
23743
11886
33848
15151
86402
60019
51902
29070
27209
57225
72936
87861
75412
4970
91667
44125
86293
83946
54494
40530
66935
40147
35525
66659
9019
3946
26778
96020
61180
82915
98113
26761
43206
82161
42376
45582
55194
34937
35088
19977
21609
5514
64007
96252
5438
70935
76840
64731
4886
94724
40493
81452
58371
66781
22050
57860
43322
11640
65323
14510
162
93675
90608
51412
81438
68123
17438
23947
82170
50881
19546
30924
81741
72062
97826
99151
81268
99886
6902
98808
39498
20665
66004
14505
89800
71942
26530
11493
32227
95805
95718
92382
53512
62432
4401
10654
66061
40749
70120
16294
32715
76913
2575
93166
22638
13009
47847
78751
37244
82710
70600
61693
9458
93068
84878
33648
61679
11453
29485
53163
50555
75200
5463
84810
90062
70822
57112
34599
35095
54289
37690
95947
25569
95418
50371
95097
16905
31173
63657
86783
7233
77454
59320
90749
35648
44878
30951
54408
17052
78814
49045
55017
79392
49506
60909
69537
78467
22574
82571
68613
43714
77840
33617
86567
54883
59099
32192
51188
32643
25841
66210
92368
92511
83940
30569
72664
85430
52737
98253
64085
397
40728
38226
74472
85297
46148
81540
6246
20799
25320
40733
69768
15699
7129
75609
50398
71435
77283
45087
54895
67484
32389
52836
59028
68455
84895
49737
77155
95903
41716
96278
20769
92571
33635
31435
1674
35774
56171
44185
94940
88177
5802
95864
14222
70380
8815
5480
61741
2970
97962
4669
38452
38955
93670
64509
1417
48283
155
49994
82874
87629
30048
31774
42618
19885
35272
31857
88981
12772
8853
17987
5175
35055
52152
36923
16746
77042
89607
28318
24605
80328
24958
32270
10713
42023
30298
68524
7382
18565
11381
53097
14679
27744
27475
13864
92864
39386
2781
22484
90154
89148
13611
67485
76350
30353
9599
5880
1913
33007
82144
98233
89075
86653
58334
73949
25879
94330
51910
59527
1031
16875
27967
51256
90475
74899
4209
27219
3599
4122
43937
24143
4085
57899
73386
52979
14100
92533
98603
8735
97673
36413
46709
23583
54108
33204
36427
70135
53843
54070
60447
60783
18616
52821
23755
32514
75206
10360
56950
55556
39348
78212
6231
39463
83555
86507
95477
96151
7372
70412
5902
45436
35552
79919
76647
16901
39126
75101
28885
83065
44419
66292
59901
80303
15222
75761
1945
21913
90675
67146
727
86350
86186
64048
27655
61347
49547
78512
6133
94584
49140
95703
18431
95704
86260
39608
58470
78821
35316
7813
63736
45888
87860
63574
79284
89276
98606
47787
85192
73822
27245
89415
38691
79341
64830
8637
63427
34439
58053
19896
98600
31730
2360
64718
21165
35329
4368
98275
68573
88793
62262
67985
99374
69382
62723
72068
26010
24392
19885
12095
78532
97476
12237
69628
46650
8937
65332
74575
45057
97614
40961
98566
74964
69052
1418
27006
32180
16973
62955
75201
74212
52295
74003
81267
91381
2236
49550
34516
72792
52479
16273
50669
46569
91341
19123
79171
72878
11331
20142
53531
75780
36641
24585
46095
58675
91460
7130
99374
62529
21415
96267
91322
38944
62129
9211
27855
44100
55043
10337
18473
43870
81361
15922
79680
23210
9081
90123
46082
10176
52335
16832
66428
37519
99142
84201
37208
93664
73955
79294
19760
72375
1094
41015
46770
78580
69509
89439
52701
34023
49738
79022
24463
45841
76945
65384
66428
18114
43320
61992
81585
52455
84837
77591
71359
95868
81855
85694
65320
59858
28273
88034
54186
12556
3787
67834
66346
42730
66211
54383
27195
49544
19427
64660
69630
56044
38343
40351
10112
24058
65667
41442
62739
26740
20228
38481
36795
2539
27916
49419
35192
15230
45390
88822
25647
93049
61480
23841
86654
87120
44668
90926
58402
22109
63211
63594
36941
28609
57833
90641
36048
38767
1887
74827
35237
57273
68490
84298
75874
78059
17658
94224
42558
9643
72855
86790
5880
60741
68676
38030
66551
52397
5360
62339
30604
75184
68425
86328
30360
59701
9533
12393
67666
65254
12592
23098
5695
17599
94498
36874
33538
35760
56799
93962
98799
53602
12408
21417
31068
57256
94504
7228
56318
66807
51797
40161
73361
1917
18906
27370
37225
28748
58463
55641
78690
64090
87916
78938
65535
39109
44895
36579
51367
96648
57110
94132
82854
27559
66737
13744
35292
1620
24743
3563
36622
19298
29198
23107
67459
89605
32440
20251
44797
78731
19042
33430
87996
58622
25570
22228
93338
60250
67664
8035
99977
289
97556
12089
71986
76431
33087
18513
39362
4381
32320
96159
96287
49730
60293
74213
85090
5960
57706
72568
63397
74780
17110
84906
4705
31776
21264
29183
27874
36612
71205
43891
9451
57801
81566
66892
16809
24016
88409
38561
63752
70889
57673
4772
96004
56719
35339
50486
19538
96879
548
20544
25269
59068
64704
32200
51359
28381
62380
68615
59754
95766
20496
94154
17943
40423
72766
72945
19591
19358
71482
49490
54880
86882
88943
25406
74261
24784
16353
66212
46969
43183
13727
36034
91425
65194
28898
95428
34942
68263
84805
74232
54812
92303
28283
27227
62219
46299
24872
77320
13676
44111
23294
85659
28298
17592
65747
99891
19476
16045
12286
45925
34886
94830
96756
50601
99080
82276
38819
74000
77559
90735
20167
39952
33503
35320
57667
48482
32982
97256
26186
82326
71578
75504
25016
84210
35667
84295
72102
6308
3723
32764
27303
63334
14339
46578
56008
89357
83632
57152
90658
76131
46826
93473
90860
84002
80472
89260
2112
26475
19008
1145
95673
63128
74459
53559
98169
16789
99122
86577
16566
48095
74662
92464
64230
15575
70980
52990
16710
24025
70547
33888
32457
61132
65734
46110
67021
37164
68305
95698
37266
40587
80380
33578
58083
52475
77146
86409
88907
73584
7388
67294
98012
80495
79927
80428
13278
46249
98417
11059
84346
25270
91208
67989
82214
29213
43847
92617
58186
15785
23958
85066
81470
2290
80792
30526
51434
39045
93090
49650
42708
45021
22419
41219
44037
18463
18653
51741
79937
76923
84042
76222
51672
90023
10229
86416
2411
66267
13900
12691
3544
66895
63145
40651
42884
59724
78598
98161
34723
77556
91456
6852
63212
19581
17906
3673
29118
73173
78350
78704
57567
85954
26777
53844
32208
64976
38875
48824
55817
95575
37102
55605
71225
98375
99828
32079
14829
37376
10024
34601
23093
40743
87400
94014
71721
8333
74451
85499
12993
83378
12684
37823
62019
36222
44362
88607
94252
55814
68719
37877
29962
1954
2270
71493
27171
96809
61279
88218
60662
73224
12310
37592
90772
28716
55273
11171
41136
26495
87345
99248
42344
82664
18769
16887
77461
97956
56539
40090
53832
51644
90511
97178
15894
58457
93985
47416
84402
93744
63304
27114
30219
6184
63955
16345
4958
60483
20266
65154
39119
63990
55678
36360
26627
25505
73901
301
91170
99698
93781
12676
68244
91479
85139
53588
13460
22348
42691
35878
95625
32152
77893
18656
93777
6928
84885
19178
76537
66626
37177
87837
74756
75
39183
30667
98883
38958
64293
76908
81118
49159
22071
79149
96262
84413
94568
99635
83302
86364
83070
97722
40316
14175
94071
13357
59754
48196
32409
19002
10904
24281
50466
21368
43156
79861
75246
24342
75589
16809
3842
63565
63582
47300
57403
85350
19772
46845
87900
54222
42957
50432
43312
14424
13839
62439
49138
29563
65768
56246
28625
41337
53669
99469
58226
65827
92091
60349
13894
31630
55094
83703
17268
91240
21873
65817
88356
67434
35055
839
67394
23408
49704
50112
70645
70059
47536
8177
44680
891
84164
21330
95865
83652
12293
23401
8219
77019
12052
52714
19666
82425
77128
94319
91080
86761
34700
23047
47841
74144
22826
94683
4811
29592
43375
3426
57655
35232
34277
98125
60222
22222
69408
58276
31291
31498
60751
33864
26810
28735
68945
10983
72441
41420
27886
44019
60004
18215
30835
9006
9827
19841
85978
75905
6872
70360
98213
12687
62785
92562
62412
62109
52561
57943
71134
98184
78139
58786
37716
27435
92622
78575
1227
31132
75307
14846
50461
21687
89614
99083
56385
90178
92472
14750
91745
89661
64082
98937
92192
72628
47754
30955
67119
19543
77532
74926
64138
99580
91373
84386
97029
69477
5664
17245
89098
36870
57624
97147
51245
74287
97275
45576
13119
38222
17
15011
37084
87363
43392
278
1670
61528
28044
90160
19322
91623
49111
56385
57233
7080
37091
16333
48644
51885
67572
81780
89640
41291
63852
42006
85428
13237
37458
23850
85460
41533
84541
34845
16939
44164
28024
79643
69890
28657
13985
72831
30562
66603
35320
56136
35714
45381
84612
32939
2975
60145
63366
37796
88862
29776
62892
14152
26817
51271
74940
38951
44296
56599
76329
81319
49194
31886
20498
82103
37664
74616
21030
89673
18081
29745
95218
64745
98310
3945
69827
11260
37295
23233
63881
90111
90587
87666
36062
23657
86251
77106
2877
45174
16707
99076
7569
1069
26791
1834
9980
24673
48960
72004
1756
26005
55053
47064
44339
4054
11805
68446
86347
91267
87787
95559
51827
1500
46043
98122
16739
83432
10304
42400
37924
10284
22108
50389
93068
50205
17476
34355
10989
17163
1607
75516
70672
80099
36828
97260
51987
25714
69985
17653
88006
23778
3123
93269
21911
2401
98204
88164
63658
70100
21223
27484
84700
47629
20677
8840
1143
46888
34988
19368
95300
82435
58410
9605
68242
90048
88634
96284
6597
75930
69401
31942
83548
77117
84182
53904
17024
4527
75384
8558
2401
84963
5590
87535
29219
12826
38659
71793
6192
52702
99819
44661
50663
96349
19456
83068
49699
70452
344
77149
4717
82514
4438
70092
47784
51018
985
41747
61636
40665
87009
82792
56935
7540
38705
78235
9226
77717
93451
41719
88916
97313
52183
83844
38580
47507
12144
38450
73856
99873
72702
17175
22642
64815
43046
79213
10123
91120
65495
20845
53201
55354
16027
29987
36130
70761
8519
46163
29818
66067
43842
24721
58432
16452
66081
21693
1745
18954
98092
38392
90955
76720
1320
41186
29899
94854
8888
62251
95852
57008
18137
19601
68925
5157
30101
48616
75914
73120
8247
76215
33892
65348
91692
92621
12009
1039
50517
41912
43144
47445
21157
71509
21042
43769
53355
32806
41446
24569
91630
4511
52595
47986
73073
86294
29849
12106
61421
29894
5930
45182
29491
96202
85177
89898
49819
51305
14167
13213
49943
6692
29041
43989
35878
56769
24311
44465
58447
48636
66820
51942
25458
21736
83216
42747
49555
10475
82776
66477
75466
48098
30658
74247
70599
18624
62519
92824
92434
51122
49668
78990
47185
37658
98170
60367
58326
58594
2022
33854
73366
84423
14622
27433
76749
6597
26164
55710
14320
90444
391
43659
1320
834
96675
1187
67634
67989
58915
66489
38868
86893
74196
1985
59760
93725
20181
90058
66400
70701
70138
79565
94257
65413
14524
21351
59926
27354
14601
85596
24037
31502
82381
22580
91018
72285
7049
23088
29293
52558
41436
28424
65701
46467
60218
65731
57154
43899
82806
11887
1245
94039
3147
89325
87698
78910
70126
54131
6312
7467
72133
20171
57581
27577
83050
21355
54373
7080
77033
23195
14728
28690
84264
17153
86113
95875
12143
98589
10621
56603
79707
58134
4996
44619
67904
80660
8196
89134
41414
58502
66422
19792
75322
93116
61755
26729
64731
1637
92539
22109
57398
11271
14470
83971
22465
66533
66417
22627
50654
66622
60218
13048
61401
17700
66388
28082
76339
31188
59392
97243
37499
84476
52196
95137
59212
70613
13499
72748
62516
20521
34624
62057
58071
81823
97289
89185
26172
74137
64497
14091
33056
72170
89288
62536
82940
52869
73092
518
56705
72637
18799
59026
51539
79721
19945
4285
65483
76179
49076
92637
35286
19765
55761
65208
5564
62329
53775
23600
18420
2402
50846
14899
3774
42557
32286
95621
85587
73743
55695
35157
7536
18880
61492
16410
43201
67573
25414
1859
41188
20205
2508
31063
30305
17711
8150
26989
54294
12084
98290
45261
32217
73058
13647
15
32077
15865
70056
44053
53050
81703
95452
83147
64381
56598
55823
90212
58641
87942
516
15886
32120
50984
45652
15339
42716
95659
46452
37630
40176
45419
55357
34811
3745
43708
54110
37216
69669
59752
94884
9331
28185
48738
42914
71959
59046
9119
71736
7186
48190
49472
34237
62119
69404
97793
78338
42584
43498
5453
88089
81280
13058
51635
71475
12772
7278
81121
44580
91760
761
83035
84060
73491
39546
32315
19765
98144
30933
11526
45233
37623
89672
60764
60691
45390
24563
50735
75424
46902
36624
23044
13638
13622
28559
41937
877
57825
26146
37711
4684
45791
18651
82000
34076
30433
62349
77160
79317
86915
49931
74781
77478
51428
4346
81655
32739
57801
51914
35820
81786
41417
3965
53786
26102
39878
77924
39738
93334
27131
28094
97567
58347
39017
32709
99493
22249
73516
92698
48419
6145
93213
57721
57132
35719
36762
98991
56331
52564
66267
45916
54324
22873
55480
46468
73473
46362
89033
41207
44517
65062
10143
23906
85725
15103
1260
20977
9976
71045
36300
4504
17859
64544
25916
76933
85178
13695
87497
29014
26707
90362
21392
82641
19576
1315
54161
93729
82659
47499
99187
99369
18165
71564
10989
36239
8331
19232
47294
37825
27612
22918
4899
16593
12410
8976
19625
73224
22040
86955
16487
93483
53237
85626
4307
75554
2943
59427
43753
384
27899
37054
70945
29431
80429
35040
54838
11182
14830
60530
89236
78364
47478
9927
85116
43454
79770
63277
43768
291
27529
59305
42676
28677
58302
12694
74500
2715
11804
20084
96195
22983
92612
44521
67310
32388
69269
43545
71493
78775
44551
51122
87197
55624
27444
55803
15305
44399
9254
54380
3943
81978
76015
77740
1296
2800
13005
11191
5063
55773
27621
47401
97417
47662
24891
28965
89532
72106
56787
11814
81424
96221
38794
50678
67114
756
48019
18698
96231
50584
4487
87733
93687
91128
68637
37007
31334
57907
31662
66200
57195
85361
59040
87891
14943
88190
41416
41750
227
52663
54542
55278
29007
14161
99190
1978
13771
47208
42770
83050
74209
97550
63555
43519
16110
5486
71581
77472
40526
327
36031
2443
84196
8942
73847
64137
67499
72662
80104
57144
37367
36397
99380
97116
10459
74912
49130
14734
57792
1805
14840
80872
12464
66991
62845
29549
76044
67454
13760
93175
60896
84362
21233
5209
14301
40736
46013
63759
7310
14956
18736
33756
95536
79740
53801
24892
69963
90950
42677
20045
10375
10305
23953
33838
91764
46873
98898
13734
47037
26194
97768
17820
54071
67054
6765
88768
35491
25560
15611
86730
54831
49028
50094
84193
57570
24782
42248
58312
5329
23732
33480
75038
38811
58392
8080
60690
67464
82297
49034
56986
4088
34949
34020
26839
44523
35942
4445
37904
89675
861
83875
33368
59710
51402
91028
32279
26613
61800
58434
66299
21706
23568
41096
10785
24476
43813
9299
19126
57374
68524
6426
34246
60275
71668
15360
88445
45608
86479
62599
90500
80766
87576
71986
9099
27182
29186
9227
69490
47579
21858
24288
27
82423
6538
2950
95132
8046
60162
43407
16266
74613
96091
74553
3351
88367
4365
91396
51313
81178
77126
23637
27913
85991
54770
59063
14744
34273
41862
59596
61496
23305
74548
73413
55733
55505
2794
1527
19069
43594
68648
29289
63094
13757
28339
52839
50520
68610
58931
49
69770
76013
43411
57024
66298
912
18084
2640
84010
42468
83547
13624
13242
95768
84331
33413
23695
75370
13224
17991
52678
22574
98579
42102
61793
6247
49620
64006
54762
42542
98935
68669
16047
75950
92984
5975
92403
35136
26952
5719
8225
2168
1461
89346
14864
63686
82548
95542
57393
44272
75491
72825
80761
26374
22207
55157
89434
40755
58454
42127
66448
58023
11342
57113
71542
58472
72154
49579
54089
50036
45014
75754
43169
96605
50080
4258
72714
61199
62761
6474
4924
99151
35227
15344
89878
89772
33624
9482
42756
92582
33330
91716
42626
2041
13055
13936
17313
70839
75533
49960
49462
78990
15330
72967
1186
11710
79482
64416
76628
82568
54363
35147
95429
2615
99809
93480
98366
41546
84814
11542
41995
84598
5736
5650
68717
96861
85787
96967
59967
95684
61492
90363
19947
10215
49248
85249
19206
44056
65633
7447
30321
35948
91765
60838
48918
41113
23268
31656
7307
49957
66200
69074
62970
15580
87649
77259
40483
14936
65100
8259
85904
60214
66393
74546
61217
98113
25761
19867
10476
82648
93658
57473
62618
7745
43989
22087
98077
5028
75230
71875
47546
10500
96091
26509
69515
69121
21293
17173
42168
90181
72821
70181
19375
4940
4780
6204
77135
47895
79150
70762
35807
41454
25275
54312
5566
74094
75357
188
67144
37813
3305
87866
34322
77925
69501
7572
75483
22444
9417
52943
18338
5574
82865
20626
8074
21390
63179
32541
17307
52896
90004
14896
16408
22593
40302
83899
12781
3895
98158
29404
90391
26227
42859
58759
20008
28881
25164
49331
14281
95451
84059
42956
45210
24778
82882
48885
99208
63510
45197
47957
45467
26764
19851
30000
22372
19268
62795
56668
50704
55352
59485
97035
32251
23073
1646
66159
51487
6120
33173
7599
63013
73233
35180
24425
88305
88903
10407
6188
25649
6699
7786
75034
26617
54468
8827
90511
61694
2078
58584
29640
12698
41253
7180
18151
4891
33740
48920
9168
35640
80467
67121
79885
47991
57181
68485
3638
47575
70072
25209
16114
51936
76664
79923
84446
9913
61366
63086
91484
63730
30030
2379
8750
36592
25969
77694
86436
72497
79275
69867
55552
6954
10234
8885
38075
15128
54303
35822
91602
85598
51950
40246
9420
32121
36594
41108
70767
46909
99639
86585
75965
42933
19012
20480
38913
27286
5062
88395
11080
3852
57039
76783
40847
57255
66939
75124
97118
21960
76832
35202
43105
15872
20309
15456
42363
4738
56159
79081
25093
79573
9948
5471
41979
63782
43771
72797
91923
14238
96111
4553
99686
6407
20868
54916
93266
2359
27090
79527
7454
90534
36265
34331
7787
55217
397
34366
67548
44340
9087
37867
4740
49851
77562
96758
24742
40072
16903
43900
9753
93569
75869
65745
42476
15324
20337
84647
77005
39895
16297
1473
98316
49348
90881
27704
39086
62736
4276
70824
61651
47894
61162
79823
82125
30415
83593
20466
90440
26600
53078
17411
47725
17760
92935
31040
68224
54207
14758
84723
64168
54291
7335
96131
46170
69906
70049
89649
93371
11570
71356
40314
2486
38307
89331
84399
15931
66379
87573
20375
59419
85988
43586
26433
5861
25794
28870
47539
55989
9975
89674
92055
96310
88821
25134
90483
79158
89642
3526
16009
52773
37981
79945
12764
18219
28924
9824
84980
5329
79407
18132
7460
67229
77990
18428
25783
53383
60214
8529
33632
92371
22777
90733
12947
60667
84497
22888
3327
34113
94258
52871
29913
37577
77780
38567
11705
45374
49377
92948
53463
2943
33596
8710
71810
40554
88221
22518
88296
59700
13031
48539
30532
18887
83132
78695
5476
65324
90914
60618
87797
1126
10512
48719
37948
47965
73116
44148
95833
68628
20127
61477
34428
72040
77300
36756
42792
64489
99517
10685
78405
93789
26450
2338
32428
82981
94171
87818
3920
81677
30838
32936
40523
61767
71739
1024
97608
21049
206
61730
82884
45173
60258
80392
24102
5355
71829
93679
79232
73025
65368
77822
44299
49264
59010
90360
5490
88608
38174
95385
5964
57572
18329
38865
9057
32592
5570
1179
10096
57382
91143
88328
60663
29618
51620
73236
72060
91764
74482
98456
31912
17574
47593
86183
2441
15383
39277
85878
29099
67162
60149
86887
83149
92281
4992
68004
93766
93389
35980
66751
96450
55824
74665
83139
67822
92256
85626
15138
63565
79088
32799
1258
96120
55487
19100
64408
23399
15903
44084
45863
52295
48024
97722
4404
15640
89222
80708
48493
81019
31431
78506
86105
33562
8772
16957
96922
21288
53046
95548
90522
91312
72106
11740
73359
81372
85838
23030
44541
74736
38235
84072
20020
31197
83545
53730
1253
14268
200
78255
17554
92070
43209
79077
30361
62082
16239
67568
48768
10728
39599
57293
35670
39696
57696
59904
59787
95104
358
31606
36306
96669
60959
86834
26770
10736
48292
20435
18933
35167
95844
18318
63300
68511
26879
53783
45157
42293
6346
54456
28581
31541
88550
63100
20474
94504
42985
14812
96776
91169
70919
15533
90496
55944
50773
99105
4075
11867
5809
72096
95580
24912
59448
67789
51094
93972
77563
19698
70096
54485
390
64161
91568
36935
28839
63341
50692
41150
74641
54792
80314
96160
84256
79278
7458
85547
92005
15105
19434
53922
5767
43483
33384
81638
36209
11356
40766
33783
92159
81813
71157
65007
40387
92482
65952
24773
19710
81444
15140
96880
46644
60708
52058
99427
54939
63943
69546
61977
36620
42558
44990
87285
17574
63205
32956
52134
59408
42046
52770
65896
98499
37163
96005
85742
95191
11422
93107
51895
13438
68273
39343
8637
55760
716
62276
85541
53823
85971
12468
72828
26367
71017
20686
29927
45660
30753
76077
27918
4644
9739
69209
80114
88287
77010
75847
90057
42746
87898
61611
12580
94486
66155
59750
98868
23531
96961
20923
16087
119
31143
46586
21096
97110
19458
29776
2382
35768
18357
39241
58459
28341
39125
5373
53545
81866
74118
33200
42294
10680
83881
16629
59322
45484
14608
24890
49498
88980
55034
83536
54678
72710
83110
15136
63336
8029
69357
56478
62165
75824
54324
79290
71015
28209
24233
61492
24526
82315
17932
27140
71403
94264
12039
74914
60178
18026
56007
87235
15556
94073
37787
90846
7663
3504
72531
33108
23402
94623
96561
12326
15056
12432
82533
92058
10558
71394
12013
71173
22095
56706
10847
29599
77618
1426
81875
74100
31401
53528
2987
5396
95127
49025
67047
74471
5289
88253
37359
44893
38779
59649
93480
86144
59037
88817
31778
20653
62231
64810
93081
48642
72158
97146
49051
91889
51192
91710
82504
18895
44756
35864
63330
37215
88999
49742
96226
82880
19024
91943
19984
81149
13359
86230
34963
83611
15442
87246
64940
29680
77443
89320
21463
12734
46823
62735
1546
12685
35203
45847
32222
3407
46284
28809
97757
77776
72611
2420
99982
22656
61264
82904
80998
72019
4559
28465
81204
41567
54903
68234
67142
7832
52518
60939
64744
79802
5610
98142
42645
88433
14661
42964
15364
80187
9805
41056
9150
37981
87877
12089
54479
23803
20172
75337
60789
52604
67630
53871
64737
80599
90180
4885
31060
22650
16859
52128
23626
59805
86357
2318
83064
84527
15657
50541
52295
50075
84392
31091
88865
23391
30026
90778
46600
19044
59868
85724
33246
43583
57112
32169
12065
7308
17318
77167
29940
12968
94530
9563
63768
30432
64421
54215
73012
40022
50934
99426
89718
97474
39541
81663
13144
64398
5834
82501
28582
18910
70519
51359
75923
32266
29697
5455
82605
16418
20884
14302
66447
19690
93135
5200
64417
94012
61058
20510
46926
18013
50131
1636
4583
48560
87618
56145
68791
59554
62681
65621
61684
83809
43566
68340
7085
74760
83575
3827
713
42525
93362
26795
75045
31420
11682
58233
26273
67590
50492
12894
29065
81106
46233
1589
28244
74865
4275
32272
31766
83375
4658
87682
38534
24260
99108
49839
85985
8148
91277
97959
3791
34340
55718
53679
670
97971
72960
2709
43915
87062
7888
49647
30284
50198
88515
45817
3366
63575
23200
71020
76936
85767
3477
58025
6118
56936
67106
98160
88549
50653
15794
12630
69389
43214
71668
71867
40507
98072
38511
53382
70081
22615
25884
6666
75557
98118
22717
17777
88994
23867
38670
13347
21766
32341
14545
7279
61643
73354
24302
81158
29766
39134
88171
84813
71534
2785
64181
78270
34056
71699
95134
40865
44641
12767
44983
39331
74299
36999
96820
19127
29856
6410
23891
24272
45167
27930
37619
86208
23403
83705
67050
35153
87997
1506
14331
12624
51623
87985
2057
320
27063
2491
94129
41150
97312
87471
22364
82947
28777
22967
63531
16058
74631
68996
49909
6475
15017
48706
80154
39179
59420
53867
57219
48314
75652
98858
70491
65211
94161
54552
76576
40132
17594
324
60366
62781
45160
2573
59837
18583
61408
85917
90106
5240
55408
79610
4226
29751
91521
46217
34503
42650
88154
69577
20
35567
22261
63323
34940
45765
60005
79848
98182
11873
65808
40746
70412
70463
42192
147
442
19522
58598
66085
25751
7128
43057
89586
22628
69064
58599
41478
97190
22235
68387
13393
25014
58759
37390
98152
12199
82396
97253
1532
47574
37905
92982
82677
40711
28651
81212
64750
4201
39495
33313
46278
71024
94543
87489
6761
66692
12888
90515
22392
63021
52979
15152
9770
38664
11789
28038
73749
68831
84950
82057
97581
56239
80669
30989
56997
173
26886
80988
51403
58346
62534
42112
92926
65782
80600
61223
68263
99876
56647
51842
10610
72479
28875
72538
42371
12724
75953
63092
58997
15106
31384
42105
60975
68012
86492
48078
32990
61558
2847
55387
41715
93684
38617
57017
51286
44868
69440
52731
20310
16056
96473
39976
67422
61354
22223
23666
36646
20951
33644
36341
17402
41455
77367
89356
83340
85744
11336
26168
35689
46623
54063
76274
24376
85219
12886
66676
41672
48279
68736
57276
87128
33664
62744
41364
45551
26807
2140
3355
60065
71622
28999
14998
77316
4547
85899
1121
97068
76154
86608
29232
35162
57313
67708
60149
55736
60275
11485
21406
66752
96861
52666
62818
30996
26155
159
902
52230
35559
76559
8298
68218
16171
81912
21337
37889
5269
9120
47086
23353
87218
86806
6594
47745
52397
59732
12463
38136
42121
68453
620
40934
2206
91100
19507
69701
86780
22562
74105
20116
91334
21320
75164
77887
5166
44570
35573
68722
74901
1458
67039
77459
36661
88618
98222
55611
5930
27110
62599
36799
94376
98590
67329
97056
36764
50580
91667
27944
80569
52141
75681
75101
4990
82941
17217
64942
77295
31892
23467
85550
70209
60839
1045
90403
87274
20678
21384
5823
80488
80795
52153
96549
20917
14183
14140
17718
24630
99329
9517
87800
22223
3933
37556
8396
70011
44542
60805
92795
57404
61798
73040
12236
32709
24200
40655
47392
34897
80240
29891
40890
66279
9795
26778
56218
28131
35986
89049
22599
15808
84213
2823
52522
6205
2444
38130
47314
55
16784
31895
95693
20909
14839
30346
9751
71308
95970
90766
94520
74967
75460
3322
44762
36007
88312
3854
14444
11311
20829
37231
26903
65057
88694
79079
59420
36314
503
12270
8946
36115
13723
25592
28066
64309
45532
76273
90247
41773
85192
37690
37582
54349
33699
25496
95782
24165
79002
32291
83392
78700
89934
29424
74472
37750
80356
82300
33619
27691
4719
11589
2051
10549
7206
90335
18595
12076
94320
12845
71718
40330
32869
91748
65124
37307
47717
19309
76669
4254
48879
29683
7255
27704
79789
44470
58121
59856
23251
40583
55906
16963
84935
94976
54213
23019
75828
7178
31175
33459
29058
22657
75334
38568
25811
60580
62605
55693
51454
9561
72843
31157
28010
6030
56420
83184
75449
33700
83679
31786
36735
90235
84483
40337
71812
97374
91849
71047
81731
99599
43636
41019
28500
17260
63239
48515
26192
8504
26803
46708
96797
24958
28138
80826
18925
59614
61608
89433
25156
45969
83021
63128
35185
28026
41223
29937
28210
22773
65889
47700
9466
2887
86942
61470
79614
20322
31676
69535
74684
53532
63035
95915
47130
69134
14328
98970
4473
12204
4815
18518
43376
46788
23571
79178
51975
54127
57384
63977
56750
80843
78942
30943
23806
31449
3404
28650
80082
65107
84371
54488
27652
36452
79336
31790
74597
12421
9839
58395
46710
36268
47561
49186
12432
79958
9736
8619
66550
72848
92126
2283
71026
91602
34239
41347
67609
57221
58169
65722
28081
71313
16432
51225
47729
96217
77616
99943
23664
39870
5070
30849
3739
10093
89805
84138
82267
38015
85060
74588
96862
7480
5601
38571
61519
24256
27121
90962
29959
29709
25864
68196
78239
66720
3829
44817
85616
19333
584
83971
2642
51715
77650
72588
61916
22720
70995
89703
3146
1784
64961
56631
60494
12247
64106
5990
79563
94771
62652
31727
44742
61755
51075
93910
43810
18585
95114
30715
33346
46717
31346
25741
8075
72313
6763
28825
73525
53374
71866
80858
51970
69341
10981
69355
61500
26456
29771
88295
33077
80492
47139
88173
41798
7269
80257
39433
13608
85251
59929
79894
85125
2656
1435
32761
91051
64096
90417
74161
43795
48252
65529
89505
89099
46518
90211
11711
88723
54176
38872
16468
13695
76162
88498
79051
84332
36513
42978
11458
99443
5770
34179
40054
6812
2775
92510
91184
1565
32821
15930
59581
20139
23353
32632
43793
44381
65654
21338
97546
59766
88958
69420
48166
14214
90090
6063
61996
62029
97200
1776
93778
5499
97961
24031
32025
84082
76356
48331
49468
21047
9800
78639
94135
66556
24236
23430
86665
95847
43877
45363
76362
89410
1745
40836
51874
82249
37374
27460
85719
22144
77810
89248
88578
62484
58234
57646
60309
30225
43501
47494
29174
50603
77264
9820
76587
71914
5690
5219
19753
13334
16553
26511
11217
69053
25485
89323
51358
46856
41615
32157
40677
2105
23595
67592
86314
34590
83271
99217
67114
27728
66887
10804
59458
72841
81088
54036
13407
28951
62185
57112
46271
62847
46549
74995
42624
18472
21725
5610
16991
26797
45510
65348
96759
77321
17269
33143
41111
90338
48237
86212
35448
99617
53239
58256
77856
77020
49982
54360
87428
35412
44212
54528
79772
16403
1821
7201
83033
7836
89163
78237
73833
21620
43248
69082
48060
78216
51797
2144
78847
97615
54809
16116
52213
83385
43380
51304
35357
89193
79991
91181
32805
47039
94933
62246
58263
80392
39899
15774
76257
84261
17
15878
30775
48940
27813
35555
70369
18414
51846
36127
92947
51910
91267
24854
40265
88306
97419
84791
65544
71640
915
63460
12835
1209
49921
81860
61568
36190
8979
30870
86395
81906
59278
15611
20361
14614
60987
76211
6991
49194
16377
7699
52078
40899
92140
85029
56582
46615
28517
68920
42432
65106
75247
44665
97578
86275
47992
86531
7641
35899
89272
5914
30912
93446
86674
37723
19958
23344
44682
3950
45765
38822
52555
45901
4326
68999
56784
88866
83614
65736
15622
82896
61146
38057
77401
58494
85298
5520
9273
21266
58981
76045
40368
81000
14406
42482
82281
70023
83948
11042
10221
52312
2970
20490
2067
95862
3512
36320
36019
11864
88277
4064
97180
77104
6678
28547
8230
82841
66203
66679
84806
3663
90375
46891
58029
44379
9992
93013
34607
2580
48740
53509
69165
26715
12742
71969
71328
8714
11193
26889
73735
2469
58732
67895
26291
86837
69059
84913
82881
79996
225
33666
88511
62029
10022
58679
66599
19114
35906
49322
92563
49989
15628
6453
48305
20725
16443
81357
75595
19143
31181
22251
22599
94522
28461
88021
49788
67078
12793
67290
83594
57786
61440
56139
55784
72699
32314
66106
30524
55277
42580
92536
94110
48529
38844
85481
36549
77306
41009
92751
77096
83510
59711
1140
86574
67853
37831
88260
31443
21101
66578
90232
2776
31063
9017
32102
92040
46477
76187
22564
58311
16558
18627
92825
80137
21535
45625
97912
620
56720
87414
15370
81729
93838
31261
21789
89921
15351
56376
84407
94126
94269
1211
93956
58175
97556
19757
59255
75547
66244
87892
18872
66961
12855
63087
18151
25184
45723
7001
67255
34195
32187
34795
57495
72027
72523
96184
35014
15846
20734
36744
56261
40291
43819
49537
67380
81446
23751
16863
30734
1444
41331
12320
13239
17686
79560
23293
55306
70814
84378
96125
66965
41196
3926
76127
31304
78766
56939
75247
92798
72320
75015
81500
75832
47484
33638
34512
78736
68947
40197
68648
30910
77852
80911
22567
69381
19223
1215
18068
17015
69611
13318
33536
89804
31075
17531
24504
60014
15233
30987
89704
73700
51389
37458
42612
78924
97895
80709
21050
16902
49438
12141
38265
40606
27362
314
98706
56185
75478
3691
16581
32646
151
4141
94231
62929
52964
55782
49972
924
31944
5366
18807
1728
50906
42660
37789
15522
17817
27634
21966
58511
7994
35128
15157
98381
56782
81909
18902
58567
99271
96434
14176
93969
22262
24294
17022
51643
47850
2413
18790
92347
81566
13379
29814
35925
53631
71525
10266
86985
62486
63178
87795
13388
72130
17844
75211
41958
18642
21035
59958
22414
84685
1661
94896
50940
26407
114
21238
45011
50947
64810
92872
25394
8461
95562
42594
58835
95714
20199
6319
77440
47235
29763
75584
76331
98436
95500
34735
56889
19009
4578
63321
79765
24553
16046
66713
68839
38834
51636
64019
20341
74212
32633
70510
51383
80361
7422
47386
14655
81293
40505
91487
47509
57815
3778
17147
42463
75625
49874
56721
68489
29908
70429
1835
97194
47260
78862
79147
5630
96822
86403
18551
34744
60931
96438
83611
16878
51215
58592
4828
59980
59849
83649
32759
33279
23162
33681
94814
95676
32178
98733
2663
86032
61761
1011
29321
97965
89880
42334
80039
82884
64362
13411
48607
73995
33217
17237
62878
91572
63619
39151
99747
32163
15784
14271
69420
47023
49789
49674
90382
86429
93530
5863
3494
96083
31461
22775
58225
99181
54937
81966
17762
4312
50234
97863
18952
29508
67558
15034
96028
4137
88140
26723
73875
88341
12486
40535
22376
52346
24354
47247
31664
52616
15421
32596
62622
14244
35199
97403
8668
56135
41483
42975
60990
28819
46732
55274
31245
78060
70861
76701
31190
10575
67414
79624
99677
77948
46939
87242
86576
24541
91982
91507
91086
20730
75943
14405
68642
36672
8072
29111
29355
53844
82492
51568
99330
75615
21343
60188
83088
20272
58846
26550
65912
33532
56848
74514
858
89328
10469
93951
50540
62406
13512
71427
96813
75521
28976
60084
58108
68472
43974
20169
12786
62420
5971
60832
93881
65102
1471
22855
94877
34346
63048
18282
79813
66061
21951
13857
39476
98074
61065
14175
39905
51154
33437
6626
24209
92625
91122
8896
630
45976
7607
68019
81833
41676
8298
32869
7762
62976
84802
49665
35163
55910
30839
23470
19369
18681
94319
47955
64130
76624
94944
5637
98288
44589
61444
48080
27990
46095
4786
96625
36737
84770
61851
36104
81552
44911
838
87631
41676
65475
29098
54830
79516
18929
89662
77480
76934
85883
94619
93883
27520
49711
88599
48628
91536
4333
58262
66176
4721
30052
56645
37749
71500
82177
32743
19774
53128
74800
52228
94735
70272
84084
54766
48858
91236
32112
87389
54647
96091
47095
17868
34902
95973
95926
40067
30591
96215
95464
23287
4863
90617
60970
35028
5587
50821
19882
59070
55969
45158
80413
93295
89459
49891
28812
50022
10859
49455
6588
83209
61632
79489
8014
43614
79588
6245
29434
11569
41372
78764
29510
16294
20233
74709
81910
78982
69048
43558
76857
6726
80588
4700
1558
90355
40856
95711
49374
47602
97253
71454
36477
79867
3348
74745
46886
76305
43978
44827
4113
81844
7455
9591
59107
62870
50274
52445
28146
19096
5787
32609
89741
55772
33163
47203
71054
92329
92977
41423
88666
64366
50759
6655
63496
94882
83653
51843
70913
24278
5802
66290
46228
60793
54868
37436
91390
61819
99556
25793
76261
1619
72480
32778
95626
8899
49545
62875
12149
7976
17415
22625
89291
22289
41254
58026
86226
65391
27705
44010
39328
95221
65607
74796
22047
40623
98534
92732
76747
60103
22327
97918
1151
5981
81666
51197
85097
96217
79988
58721
1875
1796
85486
58991
18026
36454
92843
34517
