500 500 1000
225 320
96 92
259 238
176 254
500 438
352 21
97 322
15 318
121 204
421 47
388 244
379 348
243 230
315 264
481 54
366 438
338 122
441 186
342 346
110 240
297 293
429 319
78 64
254 353
288 464
24 448
361 352
341 107
478 142
441 102
146 227
69 5
453 150
407 420
114 46
399 116
269 139
441 427
40 440
285 360
18 274
174 314
421 403
439 327
465 108
74 173
20 255
310 434
436 292
71 269
82 26
122 187
405 335
479 486
406 495
419 263
488 395
13 239
185 7
115 357
111 233
274 101
308 461
185 274
379 278
182 335
38 31
85 162
253 32
270 381
111 201
51 363
187 244
137 332
293 458
469 420
203 83
62 184
494 67
112 421
76 165
32 395
35 386
225 170
395 225
361 329
371 287
276 497
279 310
150 428
203 363
82 368
70 154
472 263
441 178
112 49
471 469
47 310
105 165
394 168
432 284
359 411
212 372
197 106
435 431
307 207
159 384
83 436
411 42
384 220
284 175
289 301
134 236
387 480
199 457
75 155
116 233
186 19
294 288
469 243
495 467
257 449
147 5
5 433
325 499
151 496
157 176
240 188
13 376
2 116
205 126
319 381
253 222
251 69
242 471
19 155
459 239
59 380
59 261
426 370
275 130
167 21
197 37
71 335
337 417
73 55
121 496
232 204
420 221
395 308
82 165
286 300
390 367
327 459
25 420
482 181
48 166
452 110
496 294
374 132
444 286
224 445
306 440
450 193
437 390
443 220
494 169
101 240
40 385
475 133
274 472
11 175
221 241
296 18
5 481
139 104
71 354
237 56
422 219
320 269
127 458
379 356
411 254
267 255
341 397
194 244
194 142
404 364
149 223
271 225
391 143
71 44
290 387
261 443
419 34
409 177
209 434
294 262
186 476
439 210
344 25
207 49
199 226
180 293
175 75
446 340
104 281
426 412
302 22
96 49
4 238
259 170
328 16
127 174
81 16
401 150
40 117
402 120
53 217
299 100
74 343
295 392
5 63
101 95
497 480
68 27
100 280
486 445
490 211
153 478
469 36
245 396
427 462
120 408
6 141
343 485
301 435
50 462
391 307
274 335
351 350
78 337
78 417
105 275
84 106
115 14
357 12
390 70
103 306
98 332
47 375
491 362
205 33
5 475
162 458
186 264
294 193
10 344
485 230
235 497
247 20
355 429
452 325
215 295
163 25
182 150
144 323
6 399
1 70
99 100
117 265
281 221
462 93
250 377
437 301
246 144
460 80
342 13
126 365
119 494
461 108
339 283
431 94
173 474
228 478
332 78
347 332
492 196
101 373
90 166
218 189
74 112
143 302
297 254
141 115
458 211
311 333
36 412
408 54
47 339
178 99
307 51
266 457
453 350
427 32
284 327
379 416
134 152
254 468
333 46
277 298
492 480
472 352
89 73
237 500
367 147
496 2
73 154
275 253
173 343
189 465
453 497
292 139
25 32
113 137
167 137
467 351
368 148
54 263
467 488
370 372
101 156
239 319
211 422
250 21
52 273
229 203
65 466
54 471
53 64
2 399
135 105
320 137
326 282
306 426
451 195
113 235
394 447
436 336
475 2
18 194
328 393
415 364
418 234
243 50
171 43
62 12
140 74
58 199
219 382
89 178
166 373
451 260
476 360
293 130
73 365
106 388
53 279
401 397
81 74
386 391
155 496
14 452
89 422
1 233
151 393
292 9
437 140
448 393
210 56
410 353
347 395
149 349
272 465
292 27
410 468
417 68
428 358
398 323
416 338
239 500
301 424
72 307
466 216
78 381
7 77
220 375
481 112
370 394
344 428
399 467
227 324
110 118
157 220
64 340
22 346
188 110
253 345
342 38
469 256
245 279
336 332
280 451
253 123
362 489
39 433
414 219
297 95
172 273
312 72
33 280
488 159
225 488
88 294
206 403
70 153
491 56
400 38
136 172
242 403
236 212
332 288
495 83
308 474
42 324
105 154
165 500
323 52
211 370
59 204
255 123
336 47
248 40
390 462
183 336
48 145
320 127
340 319
33 436
318 441
479 435
439 200
115 64
372 142
428 92
34 146
389 405
127 439
10 397
154 208
428 97
493 415
294 162
339 456
349 379
267 298
6 283
149 388
333 285
368 479
100 203
16 260
453 482
473 271
318 151
290 34
455 294
112 213
376 244
407 213
487 262
390 440
355 418
221 294
27 131
339 19
225 91
45 463
295 319
157 51
232 453
405 285
418 458
90 48
95 397
436 109
276 195
457 214
407 216
499 107
50 177
232 105
471 285
343 425
476 398
233 67
340 75
232 188
75 419
476 285
396 140
414 196
372 289
407 145
42 178
49 288
421 24
6 185
54 323
49 208
462 182
349 86
246 142
467 419
137 135
468 385
86 118
203 357
375 336
104 125
125 461
156 402
493 89
59 95
302 431
324 321
44 435
271 404
32 69
445 6
341 78
195 275
6 338
220 1
33 267
301 449
168 426
418 465
482 451
343 171
436 497
354 162
100 10
122 415
177 464
317 383
421 70
342 399
52 429
274 289
326 334
436 1
210 302
294 289
71 447
274 393
99 123
141 422
211 22
151 226
51 452
83 277
46 495
20 382
43 391
56 443
237 44
372 113
449 268
57 55
486 204
161 30
57 242
228 89
497 141
337 393
176 225
288 52
156 458
2 294
421 131
230 324
487 465
402 65
431 334
485 5
113 143
239 260
120 469
204 91
9 331
284 225
393 382
250 100
194 391
486 460
208 233
345 53
496 155
12 389
325 188
208 485
149 135
440 248
62 54
272 80
109 9
96 440
162 468
372 449
38 481
138 117
317 386
420 152
260 459
352 297
151 427
166 169
258 417
125 339
433 425
376 112
87 419
2 475
99 398
95 423
138 405
282 483
280 186
359 443
439 252
498 218
316 55
305 67
339 445
349 128
477 383
272 343
8 60
425 250
403 461
177 214
379 166
132 264
249 172
75 77
464 160
489 26
350 179
423 18
298 198
292 122
256 368
297 189
208 225
217 402
396 121
417 78
417 489
174 75
228 453
291 109
273 103
257 351
363 352
91 461
5 448
135 351
485 495
98 470
187 193
427 477
16 249
195 372
376 425
479 283
340 385
43 321
268 258
430 231
124 265
230 170
373 225
449 22
195 20
99 71
253 73
30 45
324 89
436 282
383 283
352 206
330 355
180 432
126 361
297 192
253 215
499 480
282 114
466 290
75 73
269 206
449 424
394 352
268 295
71 61
71 91
24 107
330 267
57 422
491 135
377 472
221 477
406 95
312 158
151 29
433 224
191 424
288 135
352 364
379 192
416 98
309 240
387 234
56 326
414 175
242 97
46 261
390 128
271 283
350 491
90 94
196 381
422 374
18 82
163 260
311 447
296 307
198 75
262 15
344 216
231 335
33 250
180 230
238 492
191 412
254 5
106 21
110 433
400 34
159 468
247 399
102 201
310 474
81 231
163 130
185 456
301 450
250 427
280 230
330 460
341 182
346 313
408 366
73 371
75 450
467 217
489 431
145 169
210 250
301 137
305 439
388 243
263 132
482 179
310 99
154 369
174 125
223 391
406 293
142 292
438 301
433 278
164 111
452 273
185 278
437 244
21 18
417 412
266 289
357 387
392 120
14 426
453 105
217 398
435 291
421 40
330 63
18 427
12 483
422 41
74 144
74 493
113 391
320 208
268 234
470 151
116 293
334 284
290 87
395 90
491 454
402 258
98 275
454 124
165 271
273 178
457 191
264 383
344 103
301 283
311 305
191 398
193 334
193 430
37 97
331 445
303 435
465 71
206 383
477 459
488 415
143 28
495 399
331 171
334 72
147 392
247 211
86 9
68 407
256 297
395 265
63 496
222 30
341 438
359 126
291 443
200 71
489 74
426 312
335 137
436 7
36 236
398 493
496 227
75 392
75 189
339 85
404 38
297 20
383 496
107 308
335 446
22 111
191 209
233 38
35 84
429 261
494 422
10 253
497 481
248 386
286 85
425 315
134 385
270 399
63 289
281 101
323 293
64 88
445 464
277 321
1 109
253 436
438 394
299 233
401 294
315 431
181 337
22 113
269 109
47 113
205 232
286 277
165 135
136 304
334 280
164 201
231 295
277 122
99 42
327 200
255 143
395 324
403 206
5 437
132 111
459 321
21 417
308 405
46 344
206 244
332 5
77 86
34 287
64 282
171 392
436 289
113 100
72 6
449 360
366 110
444 11
303 166
342 77
110 151
421 390
205 377
225 358
244 412
381 216
338 435
356 148
278 470
29 224
90 435
435 339
337 251
465 488
34 438
318 316
268 284
144 191
189 349
226 235
242 20
54 275
288 15
51 351
83 274
260 99
390 253
401 357
499 118
227 443
500 480
55 181
367 404
177 227
214 62
363 138
386 44
31 412
261 401
236 485
361 369
370 66
71 82
167 273
244 262
462 371
282 12
174 325
338 176
382 3
460 327
319 276
341 490
65 62
497 225
11 173
163 219
354 25
429 460
208 349
238 335
138 221
119 274
486 344
157 362
157 10
304 475
132 200
313 388
144 258
236 31
364 447
158 120
214 131
420 442
158 453
195 321
494 37
447 186
157 437
113 328
138 337
50 252
456 399
56 176
224 19
111 383
366 213
484 468
488 65
197 263
195 435
442 304
239 314
326 116
201 212
269 269
431 256
464 385
68 8
133 84
32 354
413 25
246 48
400 259
381 31
107 145
156 440
279 433
353 108
317 184
255 222
269 444
178 134
440 50
328 29
421 178
266 98
167 381
316 139
435 53
137 488
391 219
265 98
391 186
16 268
371 458
343 87
70 215
225 328
333 139
287 410
107 389
124 344
19 395
8 148
435 243
3 456
484 369
293 141
469 412
447 130
137 186
305 174
403 41
186 217
428 260
279 436
155 213
311 171
84 424
142 39
323 87
197 444
250 427
438 477
250 291
336 321
153 368
173 384
80 178
378 206
168 237
58 335
342 210
267 256
399 306
389 257
263 142
169 252
249 477
14 385
84 300
337 494
193 185
26 132
189 18
388 259
193 342
465 242
23 75
400 495
166 366
311 350
304 333
144 471
470 480
422 53
297 49
147 288
189 299
101 403
167 249
310 291
71 63
264 398
98 70
121 307
48 73
282 41
465 378
46 414
292 414
182 78
329 180
430 172
231 324
254 88
225 427
202 314
299 104
499 486
243 19
115 405
101 181
103 159
418 403
339 221
60 476
237 196
162 236
318 370
109 318
425 24
120 404
397 330
68 350
173 63
215 344
34 256
78 360
158 207
40 291
454 18
276 274
313 282
326 56
482 93
307 95
442 151
419 168
159 360
462 203
340 325
349 70
498 389
158 261
218 366
90 61
293 228
178 205
56 389
392 314
63 382
467 146
20 48
38 235
60 187
262 481
170 143
221 321
167 51
217 447
140 187
68 299
26 293
358 39
467 172
13 281
438 264
395 410
460 8
133 258
139 416
211 214
28 261
24 482
168 51
291 40
205 95
358 188
330 414
370 338
166 500
384 61
484 60
358 81
182 158
209 219
406 110
177 188
290 101
457 375
367 221
77 267
7 190
49 244
348 314
200 36
160 76
477 90
52 77
53 262
494 303
45 399
407 423
261 329
23 452
69 317
130 148
270 144
262 247
380 47
230 278
28 127
7 281
381 403
297 184
67 77
56 386
233 447
159 499
186 87
149 285
182 29
62 445
423 99
344 147
332 277
90 309
192 246
221 403
190 103
270 40
488 62
416 492
214 342
378 471
408 357
170 437
434 293
3 15
283 312
207 177
196 482
86 240
194 245
367 333
83 387
100 258
260 469
437 381
167 395
355 67
276 447
247 159
273 459
64 251
330 375
429 266
112 6
304 122
265 460
165 444
241 56
115 278
292 34
408 184
352 252
316 234
101 452
160 337
421 474
326 372
400 132
204 53
496 293
141 68
30 210
419 175
466 206
147 331
419 441
469 442
110 156
255 213
87 382
4 35
452 386
338 87
294 107
349 479
41 352
424 214
308 193
321 411
333 301
496 102
406 91
344 334
288 182
369 499
402 192
69 190
445 74
186 127
7 76
67 195
286 57
255 451
311 160
182 407
462 138
1 102
212 330
412 217
314 472
394 417
107 358
421 146
329 484
426 250
428 496
148 494
315 385
236 195
251 276
435 328
54 343
203 100
421 223
175 318
196 265
302 243
493 269
89 386
75 427
120 233
407 37
498 76
257 73
440 388
465 151
96 246
352 378
414 155
385 319
215 274
451 401
264 80
477 295
381 71
431 11
295 382
458 321
146 244
51 27
443 260
216 150
105 140
376 33
146 316
45 344
237 92
174 52
261 252
205 489
297 464
493 480
250 293
289 218
276 479
181 453
289 67
233 317
218 362
495 470
451 190
340 12
101 493
6 454
438 180
451 387
152 6
366 375
254 49
266 14
388 436
212 118
61 286
402 413
78 405
120 375
116 143
334 445
18 33
397 212
12 468
451 10
152 45
233 334
79 295
455 475
369 376
251 193
44 220
309 180
182 205
207 74
131 60
91 57
18 443
114 224
138 83
135 288
119 68
359 330
232 431
80 87
229 234
182 344
295 198
430 43
182 34
257 222
254 87
32 171
319 96
462 259
471 214
329 407
230 435
14 435
227 112
327 281
326 87
470 174
336 304
203 411
314 142
116 271
250 428
41 327
226 271
295 150
170 73
53 497
49 184
52 286
310 54
10 473
409 151
390 279
195 377
498 371
434 352
143 41
118 42
428 280
163 389
276 95
132 163
253 372
491 256
369 349
                       