1000
995
383
884
652
906
711
521
343
258
295
317
900
908
477
759
549
821
357
339
825
422
845
79
238
280
273
792
647
86
301
803
868
523
664
516
682
775
836
466
278
13
731
429
926
29
120
208
738
868
246
900
384
362
461
812
645
385
83
767
262
525
438
818
564
389
753
22
35
108
515
142
873
307
909
956
260
344
612
889
965
722
682
30
686
531
159
699
714
728
291
166
502
18
193
726
678
779
687
499
156
641
144
522
638
306
239
69
765
445
495
808
716
236
420
555
848
553
219
125
998
465
29
347
672
416
162
505
16
788
336
277
797
418
490
242
451
263
139
869
603
348
938
462
721
403
196
945
310
636
699
658
840
149
619
438
934
878
995
410
548
397
186
872
910
764
560
658
967
822
417
202
742
343
721
754
635
425
854
808
973
386
780
896
12
274
486
471
497
684
998
330
504
356
702
541
830
931
239
275
402
180
920
867
141
155
991
719
776
290
361
451
251
355
940
859
889
394
496
372
849
517
65
179
934
180
60
383
798
486
749
418
258
915
812
293
49
281
715
119
571
392
238
506
775
342
464
991
45
999
80
867
652
299
944
931
107
909
102
823
88
247
148
151
100
488
678
599
140
694
360
830
880
635
177
893
123
678
197
901
208
43
627
285
249
585
187
52
113
461
30
211
452
974
558
934
515
91
575
334
261
616
884
162
290
981
129
389
886
193
269
628
154
346
770
489
751
703
340
105
671
663
722
217
502
357
654
140
837
550
413
93
944
230
812
634
551
82
444
263
876
363
67
752
559
989
566
745
300
848
136
85
773
928
352
277
95
957
124
764
794
665
132
838
496
203
413
536
986
644
325
976
902
584
690
934
40
991
819
839
131
551
737
669
925
34
491
558
733
19
232
933
671
4
100
968
59
887
217
248
990
11
699
118
429
109
560
223
462
351
61
65
133
171
780
376
503
374
79
964
423
760
45
174
254
958
136
431
788
424
100
512
673
721
26
745
813
408
604
406
299
194
789
733
721
552
281
210
553
388
589
644
877
78
599
368
49
378
848
110
82
575
496
621
228
825
993
243
698
128
121
978
201
764
94
324
189
998
576
321
510
977
112
600
109
760
317
398
900
10
359
340
529
616
395
194
708
972
777
801
481
144
48
390
330
939
532
895
760
933
179
218
347
217
858
981
451
90
864
917
528
719
439
693
468
102
343
594
994
364
102
192
911
667
925
381
46
883
501
576
590
361
661
370
754
780
129
142
474
169
373
608
747
801
849
356
557
829
307
475
338
877
8
967
520
691
794
684
215
648
239
493
227
560
396
70
15
659
605
689
208
593
737
574
334
767
365
615
194
350
742
336
433
118
934
131
717
77
87
791
512
513
335
644
131
590
676
65
868
629
926
380
445
16
965
441
422
752
38
187
902
66
625
682
131
298
664
548
666
62
264
292
679
295
60
940
284
232
487
588
610
156
20
149
369
111
517
532
165
510
628
441
397
149
933
102
442
43
72
167
36
419
180
445
838
444
67
214
816
352
120
365
892
178
256
795
821
599
115
686
31
821
421
211
937
878
99
600
970
581
136
942
783
189
300
976
256
354
808
103
550
39
866
165
217
547
185
510
420
301
16
219
508
576
504
894
211
176
848
282
271
694
48
124
71
980
753
876
295
433
28
877
644
431
70
196
928
206
805
597
78
191
393
797
399
660
668
291
482
198
381
537
686
982
255
68
330
662
518
701
426
25
187
184
316
468
670
454
48
388
91
571
443
754
468
1
675
765
188
338
983
275
32
702
471
728
340
453
210
522
539
976
56
703
440
336
156
489
884
458
165
183
413
293
324
763
904
39
881
676
372
955
993
460
260
129
427
536
312
815
241
979
786
387
421
304
561
340
84
114
583
698
357
702
489
148
530
165
952
264
732
981
390
552
756
660
188
957
707
950
852
481
797
935
704
687
790
376
215
229
272
156
116
11
785
453
575
570
634
990
866
563
333
610
212
748
281
445
888
938
646
697
245
219
693
692
939
5
124
183
738
801
725
818
989
790
627
599
792
380
503
344
991
866
400
366
110
942
143
551
659
698
550
993
665
434
599
641
233
163
872
666
881
521
389
532
637
484
129
898
962
75
454
821
914
455
317
2
971
935
35
228
978
533
248
262
8
447
598
203
262
985
555
340
311
637
603
300
427
302
118
350
719
304
697
506
57
510
868
636
166
205
232
269
943
995
816
396
136
124
266
645
748
187
609
178
772
729
485
681
615
78
906
161
596
712
34
700
193
27
625
