300 20
13 36 225 84 238 54 96 227 17 22 186 163 91 176 
13 231 96 25 132 136 167 68 5 77 164 17 268 46 
14 61 173 175 256 112 290 57 269 215 220 23 284 2 145 
2 149 291 
15 245 286 236 238 66 44 285 224 46 294 170 22 250 182 179 
14 55 209 33 119 47 250 236 10 290 54 129 294 150 275 
3 185 40 8 
9 18 47 53 167 245 222 50 96 271 
20 138 147 69 112 223 47 139 197 184 276 24 291 4 209 60 272 45 34 264 226 
2 196 120 
20 142 8 13 117 36 40 175 221 184 51 151 278 246 277 97 23 251 257 130 114 
5 194 41 7 142 176 
1 29 
18 120 226 92 270 129 71 192 214 32 91 53 175 35 282 56 13 157 124 
13 109 117 276 240 5 264 42 204 196 238 250 0 194 
4 8 18 238 199 
16 192 245 271 98 252 220 203 94 43 223 4 236 208 168 233 285 
8 190 143 266 58 240 277 3 2 
6 262 126 129 107 117 268 
7 143 226 224 237 208 199 225 
300 20
8 250 74 144 134 281 278 231 39 
1 252 
11 257 258 125 137 80 77 111 287 96 141 91 
2 283 55 
1 78 
5 198 93 141 33 194 
8 264 44 139 192 261 121 95 184 
8 202 263 115 278 18 264 298 214 
17 24 8 210 198 78 192 209 292 69 178 155 151 20 120 133 7 294 
16 201 34 261 163 126 218 147 155 62 69 191 278 197 100 53 262 
10 69 153 181 169 117 40 175 65 148 156 
2 51 29 
19 53 18 107 243 224 103 299 207 268 58 135 189 161 261 22 85 5 63 122 
9 184 109 108 157 93 206 145 126 86 
17 81 235 84 109 290 113 215 137 151 175 100 182 34 262 211 171 108 
9 285 82 79 36 166 23 35 21 78 
1 134 
10 180 30 205 280 64 71 52 261 109 250 
9 4 106 224 10 109 279 237 178 76 
15 34 102 58 187 267 288 250 71 136 7 155 188 148 65 289 
300 20
18 39 248 43 97 138 220 33 145 82 68 120 238 29 197 2 211 141 189 
1 246 
20 183 85 192 95 209 212 35 288 40 77 181 274 157 89 219 299 16 65 279 122 
16 147 174 260 269 53 190 251 43 64 197 243 111 33 263 122 81 
16 282 211 13 54 258 37 284 169 256 3 205 76 281 98 269 141 
1 276 
13 293 176 115 257 214 111 249 58 28 110 64 34 74 
5 132 248 24 221 25 
19 212 150 79 144 287 223 14 35 127 39 285 227 88 161 274 214 83 173 146 
17 266 138 109 114 291 44 39 92 140 167 272 130 262 204 158 180 233 
5 213 98 152 150 117 
19 155 89 128 285 70 149 109 180 108 213 56 142 272 185 147 206 259 52 184 
16 186 297 299 181 229 45 3 54 160 13 64 273 156 50 40 151 
2 20 126 
9 48 207 98 3 248 259 187 96 233 
20 289 10 114 268 283 34 239 128 162 221 56 140 281 17 53 285 198 297 51 28 
13 26 17 53 113 30 184 57 246 80 1 200 51 103 
3 138 136 41 
6 95 37 101 117 84 89 
11 89 148 177 267 34 66 142 157 143 151 246 
300 20
15 231 135 178 147 18 277 112 8 292 186 120 95 254 36 291 
19 175 75 12 181 126 29 293 267 200 81 229 268 297 233 96 3 254 270 206 
9 93 108 89 197 196 129 192 61 195 
7 8 113 125 273 294 210 261 
14 193 243 45 147 278 251 109 197 233 153 228 229 264 134 
6 23 81 71 4 163 47 
5 1 123 113 284 120 
9 21 242 75 274 37 129 0 272 182 
1 260 
13 189 130 290 280 129 233 228 100 149 10 230 145 120 
13 252 2 272 180 229 291 273 199 239 126 219 33 95 
2 273 77 
6 133 55 239 249 116 202 
9 167 29 130 36 155 295 97 288 124 
20 281 10 266 138 73 78 272 51 152 230 187 232 287 126 153 158 238 140 258 121 
13 138 145 142 286 257 61 53 29 240 274 162 67 258 
2 139 119 
17 2 282 200 262 221 287 152 275 131 61 153 120 55 25 64 213 80 
7 57 278 233 23 297 209 286 
15 93 127 296 79 76 268 68 261 7 130 28 262 40 5 119 
300 20
5 217 29 283 154 214 
13 135 77 54 291 49 125 196 258 88 112 292 78 79 
9 254 31 90 222 117 54 201 69 241 
17 122 29 13 171 222 282 257 83 140 58 147 19 196 12 296 185 74 
1 298 
17 108 57 88 129 39 146 212 262 69 66 27 147 243 95 47 156 112 
13 174 237 285 219 143 286 47 266 196 81 21 228 85 
11 207 268 192 145 175 293 236 46 179 218 97 
6 277 173 263 167 151 242 
18 23 6 19 64 26 161 113 73 299 3 197 5 242 202 167 137 206 164 
3 299 104 245 
13 172 186 169 101 83 259 140 127 265 173 179 225 105 
2 186 241 
1 33 
8 159 171 83 127 112 147 207 191 
15 4 215 210 236 69 235 81 116 111 212 279 91 239 157 294 
9 269 247 125 201 39 140 103 138 55 
4 104 32 280 230 
16 109 282 246 176 93 127 162 287 68 184 65 120 277 33 253 192 
12 262 244 292 257 87 94 157 79 13 119 268 194 
300 20
10 271 54 205 96 162 263 150 99 245 227 
4 101 194 293 218 
16 103 135 209 210 89 134 185 0 181 202 173 23 151 200 137 184 
11 36 150 45 255 113 256 183 253 184 128 120 
1 250 
17 146 202 219 277 167 214 156 120 188 171 45 172 13 220 129 191 130 
20 189 86 200 92 231 273 237 294 173 142 19 244 197 15 29 179 269 46 37 21 
12 172 70 21 118 127 84 71 282 90 265 290 82 
5 216 205 295 34 153 
17 197 210 117 169 199 35 270 120 185 6 135 52 173 28 239 27 65 
16 65 6 137 267 150 113 186 295 164 292 190 85 58 0 96 266 
6 106 212 158 166 207 99 
14 110 42 124 230 13 82 176 186 236 270 15 254 282 137 
2 156 153 
6 145 205 28 249 293 82 
3 186 251 31 
1 205 
17 206 179 178 120 89 20 200 286 246 71 270 55 245 195 292 6 141 
14 292 200 167 271 270 172 280 123 51 262 73 291 178 160 
20 63 65 90 79 42 297 122 252 89 146 18 276 246 2 28 1 299 140 106 99 
300 20
10 102 107 153 200 198 114 67 140 219 279 
7 127 58 4 139 256 122 18 
13 5 277 240 142 31 84 138 284 255 227 103 210 55 
11 186 123 103 227 2 155 71 260 131 290 18 
13 292 24 2 268 267 19 246 69 84 8 155 173 252 
17 199 9 89 92 50 290 96 238 121 135 178 281 195 203 154 20 171 
5 10 187 42 158 170 
16 62 96 20 67 182 38 184 26 10 114 71 113 135 23 168 24 
5 271 109 150 204 57 
14 54 272 240 288 223 267 263 120 202 125 189 247 166 193 
3 101 88 98 
16 99 113 219 94 44 137 274 238 23 61 154 6 149 71 165 151 
9 67 256 63 145 170 64 35 238 207 
6 101 130 141 299 57 64 
16 282 247 217 74 32 13 274 69 41 286 220 242 96 9 185 291 
19 288 100 28 201 295 51 264 194 47 115 120 36 283 131 163 44 68 88 273 
17 173 71 54 253 46 33 268 232 214 127 24 212 277 165 85 38 175 
12 5 37 91 210 92 175 71 228 166 48 44 141 
10 281 280 47 19 55 195 120 17 243 161 
4 159 247 277 137 
300 20
10 233 262 35 16 86 137 170 179 43 298 
13 8 158 129 296 92 14 235 156 100 126 185 142 270 
4 268 89 183 85 
15 277 278 297 108 14 245 48 76 81 95 118 140 219 267 192 
7 61 78 17 98 8 113 74 
9 130 100 68 237 116 213 260 88 173 
19 243 244 138 265 58 13 282 5 163 197 144 262 232 80 108 295 149 23 166 
20 152 251 204 135 26 121 240 283 162 278 230 107 105 289 211 246 254 60 182 282 
13 186 46 1 125 143 292 293 157 178 228 73 0 124 
17 271 246 174 278 69 13 115 99 267 60 147 217 61 38 263 118 96 
6 286 17 30 124 16 200 
8 41 124 28 297 96 270 142 6 
17 137 82 10 262 259 190 178 100 81 206 246 35 45 254 211 54 29 
10 31 133 47 255 286 151 68 138 279 123 
12 167 274 237 286 47 89 30 67 80 170 215 86 
1 168 
5 177 249 188 65 149 
4 159 206 170 179 
7 9 43 186 182 206 161 162 
17 42 123 113 178 146 171 155 2 282 82 279 230 286 161 156 44 223 
300 20
19 82 252 125 273 222 221 59 272 114 277 20 217 38 96 1 18 294 153 179 
15 297 257 286 118 157 268 242 54 192 134 289 169 150 112 270 
17 287 123 209 281 44 8 225 115 181 211 152 208 251 112 276 177 104 
12 266 207 11 28 296 16 97 274 231 288 278 9 
20 157 97 100 82 191 164 294 247 141 196 185 19 260 47 41 289 177 35 106 11 
13 190 240 63 298 26 254 126 44 263 97 266 101 6 
16 36 202 289 243 74 163 280 58 233 274 94 106 37 7 201 223 
7 278 115 131 204 108 30 208 
3 22 98 73 
20 59 290 197 157 146 134 61 39 30 284 229 216 28 288 252 210 88 287 63 122 
13 272 6 84 133 75 273 148 183 155 257 192 175 287 
9 291 134 223 202 162 250 176 266 246 
12 260 142 104 40 111 172 291 114 89 287 281 175 
14 104 147 41 232 150 160 109 98 47 112 176 107 45 122 
15 47 233 75 202 273 130 88 209 205 189 294 239 180 144 186 
9 161 183 16 63 149 30 59 17 181 
12 94 14 59 40 151 276 243 91 93 204 273 198 
20 73 150 160 5 21 183 187 293 195 262 178 295 78 203 292 80 85 135 77 184 
20 146 216 166 51 27 261 46 5 91 258 124 128 298 235 25 291 285 293 48 290 
18 96 21 154 152 27 252 293 200 29 153 135 194 174 126 210 198 282 223 
300 20
6 180 130 105 99 29 293 
3 28 220 205 
15 140 128 103 139 269 20 50 49 204 194 73 81 179 289 199 
9 100 199 215 283 189 127 190 205 52 
5 185 237 93 151 229 
1 157 
6 152 96 242 91 81 86 
2 141 291 
3 147 77 132 
14 230 282 264 115 89 233 207 293 103 90 43 269 93 142 
1 121 
20 235 22 29 124 41 193 284 291 28 92 200 245 113 88 8 60 6 273 47 118 
9 112 231 287 295 291 15 157 55 41 
9 31 80 58 206 52 34 223 11 142 
15 32 165 22 222 131 246 59 2 127 156 103 121 261 264 181 
4 184 109 44 279 
13 16 174 159 121 218 184 122 89 195 22 205 237 167 
13 76 68 293 123 190 186 194 175 164 40 193 256 4 
14 140 121 173 54 204 259 176 143 288 271 52 32 168 185 
7 28 173 27 196 53 160 26 
