300 20
5 2 140 281 231 45 
8 86 169 252 56 291 237 288 203 
11 35 287 148 179 276 118 129 135 149 297 74 
16 293 294 8 181 295 246 49 167 292 143 81 254 263 288 139 71 
17 262 56 58 184 47 19 189 105 84 29 176 220 52 39 202 174 249 
13 194 260 208 130 233 109 235 94 105 250 132 225 165 
5 14 106 240 159 167 
6 84 282 127 243 53 22 
3 257 85 207 
3 24 213 253 
6 147 107 130 5 82 268 
11 234 59 219 20 129 55 39 54 12 250 201 
14 36 50 10 120 228 268 76 201 210 235 269 145 104 158 
19 8 202 186 283 143 265 166 247 189 33 237 31 200 30 10 228 47 270 67 
13 15 181 165 179 260 208 190 161 122 72 211 265 9 
4 225 28 83 71 
1 171 
7 38 156 22 62 99 252 69 
7 213 268 9 172 88 187 233 
6 181 34 241 264 37 262 
300 20
13 257 175 193 38 264 148 155 278 237 57 229 128 291 
4 96 60 294 251 
20 285 131 72 76 31 269 54 237 289 89 22 148 214 61 113 241 238 132 225 14 
4 53 201 159 169 
15 164 235 54 183 229 94 158 170 273 227 71 187 247 136 221 
17 230 239 46 277 141 211 218 180 15 231 291 212 296 140 237 34 6 
2 109 277 
12 184 2 290 144 0 47 247 85 205 216 100 191 
4 211 0 46 228 
11 76 284 265 188 98 44 145 131 8 216 124 
20 185 242 57 235 66 97 126 254 28 280 37 9 21 288 266 19 136 70 131 55 
12 273 43 71 122 22 167 172 219 140 214 147 42 
2 296 240 
5 6 82 77 194 14 
20 266 296 231 18 186 26 76 214 120 177 130 238 154 43 15 10 74 27 164 249 
17 61 79 162 107 224 228 139 45 182 161 86 187 14 286 119 105 143 
3 242 111 47 
10 64 175 285 83 156 237 262 205 185 53 
10 247 167 114 206 44 67 79 95 110 238 
4 100 143 37 81 
300 20
20 227 281 196 279 190 169 175 160 264 137 29 43 287 251 170 282 262 81 55 108 
2 158 262 
8 53 219 248 225 21 40 137 226 
11 207 18 165 153 248 33 138 15 154 42 82 
8 14 234 88 108 147 62 169 180 
1 186 
12 241 47 99 22 72 204 225 87 244 101 149 76 
16 230 76 183 121 282 63 258 27 36 179 59 122 228 210 281 202 
7 265 92 28 226 256 106 197 
8 273 98 35 39 176 168 222 11 
16 34 270 291 266 109 199 92 176 74 116 204 14 39 240 194 207 
2 202 166 
14 292 73 251 7 276 159 127 254 150 119 274 78 55 224 
3 0 156 82 
20 38 66 275 22 190 219 265 205 240 42 191 135 29 166 13 150 244 127 55 170 
14 165 188 162 42 2 103 20 57 276 101 65 6 260 265 
4 105 84 212 285 
15 41 254 173 294 64 37 295 290 213 132 25 228 196 6 155 
19 122 103 270 114 170 26 111 169 49 68 85 16 295 24 7 163 263 145 256 
2 178 226 
300 20
13 58 129 63 80 183 255 135 31 110 244 22 246 289 
10 247 56 236 106 108 282 226 276 251 42 
12 110 192 232 4 289 246 117 254 171 226 276 239 
13 1 285 234 166 126 127 286 215 156 165 82 20 213 
6 260 45 19 157 47 98 
3 222 41 28 
19 277 128 223 278 7 266 226 48 296 222 189 195 269 124 78 61 87 202 11 
1 203 
15 230 190 48 191 175 102 295 24 171 76 18 108 8 67 214 
2 221 236 
3 151 143 105 
14 62 199 173 55 103 38 166 273 40 235 7 229 43 16 
9 244 251 152 210 258 271 3 55 177 
9 246 133 162 186 120 125 232 240 289 
5 22 131 63 185 247 
3 98 206 220 
16 272 32 78 21 237 207 189 251 139 135 64 220 169 187 218 151 
6 276 200 108 188 225 131 
16 109 20 289 197 296 22 15 18 164 286 78 86 90 227 23 142 
10 7 199 60 39 46 154 157 1 288 226 
300 20
16 118 254 228 95 100 195 147 281 80 114 183 202 175 238 244 140 
13 231 271 28 3 23 189 217 15 59 56 141 273 14 
15 244 213 74 127 267 120 18 57 218 248 92 195 117 80 160 
7 294 209 219 255 132 179 264 
11 69 100 210 298 131 150 211 248 184 177 12 
14 114 281 133 253 119 287 282 38 30 153 165 262 232 118 
10 252 137 59 2 280 82 118 142 213 249 
2 115 178 
9 119 205 12 89 288 158 39 37 155 
18 195 115 275 184 253 219 151 54 245 108 159 40 254 249 178 193 259 33 
13 87 24 224 97 198 78 227 159 88 207 80 48 53 
20 88 66 246 110 26 158 214 224 291 218 142 286 182 207 19 220 34 204 112 115 
13 243 203 80 283 70 22 185 189 242 142 5 74 173 
2 257 99 
18 183 19 169 210 220 156 211 151 236 16 20 120 103 88 185 11 166 225 
15 84 137 58 74 161 75 53 272 121 159 150 127 132 12 89 
9 299 71 52 139 59 186 285 141 85 
13 141 231 53 277 145 216 81 124 165 3 269 284 253 
6 287 239 50 128 72 238 
7 28 126 130 166 157 111 143 
300 20
13 146 74 11 230 21 181 213 178 279 113 44 194 52 
1 113 
4 294 249 213 237 
4 71 171 75 114 
19 147 106 21 290 127 91 200 190 252 248 193 230 27 217 38 227 52 65 138 
3 142 58 224 
9 44 197 84 25 4 249 199 60 208 
4 73 182 53 214 
2 49 128 
13 261 115 230 180 210 203 160 178 170 211 255 132 208 
19 36 26 281 292 167 252 205 35 137 222 175 289 71 228 124 96 50 180 152 
14 235 225 295 296 60 49 232 288 209 292 244 69 10 165 
12 280 252 47 144 257 139 19 58 142 114 218 6 
1 87 
13 99 299 98 229 218 38 174 196 163 189 101 94 249 
5 191 49 190 240 149 
11 84 218 284 174 268 251 235 16 57 255 199 
15 93 221 152 243 244 297 117 52 155 20 136 106 116 252 102 
19 54 243 239 283 99 240 293 199 82 66 118 146 195 186 97 261 173 108 192 
10 78 72 238 153 278 172 66 61 229 263 
300 20
12 34 76 68 176 186 237 50 162 189 1 59 221 
20 125 293 32 137 44 288 177 129 89 228 168 87 230 42 76 6 297 72 274 187 
14 128 53 127 116 17 62 147 202 80 185 211 248 90 41 
16 277 137 209 106 120 296 158 56 176 2 115 51 73 250 219 196 
5 184 158 170 200 244 
3 163 234 12 
20 187 206 23 204 90 127 71 12 85 233 194 265 59 173 105 161 276 21 134 258 
8 278 218 160 207 48 282 247 165 
17 278 267 272 172 114 170 182 247 111 223 283 215 5 169 192 36 51 
14 71 279 84 2 252 82 285 263 63 28 3 206 267 284 
7 75 2 287 209 11 170 45 
1 222 
1 223 
13 163 138 298 127 22 142 267 80 286 101 20 175 292 
19 118 95 112 279 171 231 147 76 93 240 257 186 236 53 139 50 157 140 175 
16 292 220 147 61 227 178 272 3 107 165 276 62 126 221 69 146 
10 110 171 90 257 132 248 95 81 286 111 
19 198 61 279 187 5 254 40 252 180 111 282 183 226 294 131 73 54 281 16 
5 134 284 96 17 159 
1 33 
300 20
20 185 257 196 233 229 278 149 150 54 62 190 85 22 142 33 281 69 247 15 80 
6 37 121 139 236 261 53 
13 133 272 167 148 176 59 91 54 239 262 62 135 255 
10 211 3 7 105 121 186 47 205 83 294 
16 165 95 258 229 78 154 231 39 88 216 267 54 276 139 188 32 
8 102 273 77 123 165 54 133 50 
15 200 219 24 49 272 72 56 183 114 9 191 116 113 83 256 
8 260 290 108 154 261 156 126 222 
18 2 68 28 288 71 132 65 219 56 73 295 235 289 101 204 159 46 296 
7 33 267 94 184 77 164 101 
1 47 
4 195 61 146 220 
11 23 97 211 15 65 220 284 44 239 146 64 
18 124 78 82 40 101 155 261 184 122 125 139 87 60 69 25 88 120 176 
11 236 15 279 70 199 45 206 180 209 13 163 
5 103 178 51 129 84 
9 267 115 281 277 297 124 171 24 98 
8 54 24 171 297 272 152 66 235 
15 225 10 11 106 25 112 210 262 163 264 17 12 151 251 211 
12 264 33 82 292 86 26 73 108 209 161 134 141 
300 20
20 281 252 291 61 264 187 205 113 277 135 41 34 81 184 272 111 263 37 46 256 
16 36 246 169 47 90 75 259 283 71 176 266 234 170 240 88 45 
13 21 84 94 107 18 177 49 105 164 149 46 179 192 
10 222 69 223 162 191 298 165 100 189 12 
20 129 90 150 251 141 220 138 59 164 217 135 14 269 23 46 260 235 132 112 118 
18 111 165 13 101 263 283 95 92 128 174 129 88 124 103 31 83 155 63 
10 161 182 237 231 276 221 140 22 279 24 
3 258 102 257 
10 46 283 125 249 257 127 131 69 33 263 
5 97 235 33 108 118 
10 75 269 52 159 227 49 185 74 228 255 
2 118 72 
6 64 251 51 217 75 105 
4 265 61 222 296 
9 297 244 101 261 250 44 160 170 118 
7 179 270 87 166 38 181 287 
18 174 175 270 90 114 69 41 106 182 248 162 227 192 79 44 91 45 241 
13 109 247 5 14 142 212 203 236 127 246 284 35 180 
5 81 296 111 285 173 
19 145 43 294 162 196 164 290 109 295 90 195 180 244 176 119 210 174 26 97 
300 20
6 240 259 46 60 105 292 
4 107 162 176 98 
16 21 274 252 32 3 71 238 40 284 153 190 109 61 107 80 266 
8 93 156 66 86 78 258 98 33 
5 197 252 232 44 96 
16 185 111 279 221 24 196 60 19 132 231 29 216 235 217 229 40 
18 37 5 98 187 6 265 40 283 126 71 298 114 167 251 197 243 260 115 
3 14 286 210 
19 59 260 159 11 180 47 171 212 268 14 263 241 242 137 155 218 9 3 128 
14 117 246 218 106 34 66 90 130 287 111 205 149 114 147 
14 272 198 57 50 7 41 287 203 168 31 145 283 216 58 
4 0 298 163 69 
19 89 262 141 121 62 289 243 29 47 101 39 203 135 195 17 192 234 85 189 
3 121 163 85 
20 14 118 249 92 94 140 163 22 95 101 187 75 15 261 296 13 40 3 104 298 
6 292 1 80 168 81 244 
8 58 207 234 250 25 48 152 67 
6 286 92 290 137 65 154 
6 98 86 140 225 139 235 
13 287 79 202 33 129 28 72 81 59 173 12 278 70 
