300 20
13 11 139 291 61 171 152 249 264 115 250 16 102 281 
7 182 88 1 125 277 126 238 
1 101 
20 155 201 245 269 297 192 69 35 91 165 22 16 186 98 240 6 2 123 128 254 
9 180 81 134 209 51 57 284 155 139 
8 121 219 288 187 238 51 179 115 
2 185 108 
2 76 95 
4 183 65 153 248 
18 229 28 235 281 154 292 230 139 295 48 60 268 112 192 110 209 97 79 
8 284 103 290 170 278 203 88 150 
10 9 224 17 291 258 5 198 104 46 216 
20 213 14 139 252 41 52 116 23 140 18 276 106 71 16 105 81 215 85 9 222 
16 19 246 298 154 219 50 191 166 71 178 40 9 182 10 181 21 
9 269 48 286 257 86 205 283 93 153 
12 0 240 226 295 166 91 134 228 4 294 43 249 
1 23 
12 227 61 163 132 221 56 52 275 144 28 255 172 
3 86 263 180 
17 293 6 206 40 123 171 212 76 186 101 267 62 294 170 115 225 36 
300 20
9 77 256 101 252 145 284 291 276 181 
2 52 97 
16 74 67 48 272 284 150 59 288 14 251 80 64 260 215 18 27 
6 152 47 128 49 241 37 
3 107 136 40 
6 243 3 39 173 167 7 
11 228 159 221 163 1 278 176 178 296 2 220 
6 50 159 53 75 224 98 
15 100 256 126 77 47 268 4 27 257 145 111 290 72 84 1 
20 34 234 85 120 209 236 86 172 25 14 173 150 273 200 178 290 126 7 233 70 
15 265 295 101 148 19 93 178 23 89 220 82 126 245 46 71 
10 94 152 140 110 218 206 253 35 259 133 
5 257 73 83 189 64 
9 85 281 167 8 193 204 260 18 46 
8 119 91 1 90 86 185 82 237 
11 108 16 260 8 31 41 100 166 40 58 224 
16 70 57 172 111 232 83 112 248 273 233 45 214 30 209 208 9 
8 270 67 273 41 129 120 149 75 
18 182 260 296 126 86 68 9 87 271 107 240 53 134 228 4 188 49 125 
6 99 201 178 98 145 169 
300 20
16 141 101 165 194 75 178 43 271 73 227 48 291 162 209 206 298 
11 82 177 227 159 104 60 38 34 54 209 170 
12 43 23 208 0 9 83 26 103 151 281 263 199 
19 145 36 1 296 182 259 44 179 213 287 208 113 196 295 51 97 211 202 74 
7 140 150 189 131 47 251 181 
19 169 178 39 110 267 218 194 282 268 100 175 211 199 84 138 124 15 277 54 
9 106 131 157 249 96 222 132 288 204 
11 23 70 47 113 65 268 93 27 34 32 159 
4 297 272 78 135 
6 171 36 286 158 147 101 
3 209 214 54 
3 163 198 105 
3 207 194 13 
10 200 236 289 254 210 191 124 35 229 224 
1 221 
18 76 131 128 204 39 289 82 200 68 284 201 259 260 10 263 203 22 106 
4 117 127 212 195 
6 173 114 291 128 50 84 
8 6 60 283 145 68 156 28 196 
17 189 298 176 256 135 238 90 200 120 69 160 241 79 213 84 118 180 
300 20
1 230 
1 72 
1 252 
18 285 79 221 208 284 137 116 4 12 268 206 297 146 222 211 259 242 1 
19 201 236 86 126 294 234 118 192 121 151 115 209 43 238 69 73 105 160 21 
19 39 125 38 87 120 296 205 291 90 288 150 142 173 9 84 13 131 268 159 
14 203 276 0 130 206 266 152 1 177 226 54 64 252 269 
4 268 238 217 295 
4 207 132 133 156 
11 130 74 116 111 249 50 181 40 85 171 204 
11 163 194 175 174 170 199 189 240 229 237 65 
5 256 258 17 0 217 
1 283 
15 136 0 65 257 102 82 198 277 275 133 104 118 122 148 26 
2 69 21 
6 95 189 153 255 146 259 
17 140 266 280 222 65 259 110 247 261 131 106 175 158 242 281 73 64 
1 22 
18 172 34 239 95 292 45 156 138 125 228 14 204 16 180 157 269 1 246 
6 259 230 246 107 18 11 
300 20
12 121 158 237 81 40 113 171 73 2 154 263 188 
19 77 286 147 133 52 202 221 231 182 140 73 223 174 170 2 208 11 119 112 
13 233 60 41 10 46 61 155 291 89 228 40 27 211 
17 207 248 85 77 107 261 81 49 48 209 47 240 139 159 136 44 113 
12 146 236 183 218 287 187 79 40 110 224 268 235 
3 34 130 224 
10 257 204 105 77 216 156 81 297 15 131 
17 256 285 8 201 156 180 214 181 22 88 236 7 276 237 141 44 94 
9 25 55 61 271 22 285 201 224 10 
14 222 131 72 228 242 50 109 155 100 22 9 145 52 269 
15 170 254 56 236 58 17 185 191 259 103 178 248 146 128 290 
16 70 229 86 221 209 111 12 255 62 94 252 173 215 262 59 76 
19 146 62 294 166 275 299 296 33 10 50 167 157 269 202 56 70 256 196 26 
13 211 20 269 160 10 236 122 194 58 218 170 49 62 
15 104 6 52 284 12 279 103 102 49 41 13 46 256 77 251 
4 247 173 167 111 
2 185 252 
19 89 204 187 54 193 146 240 259 68 70 102 0 21 11 42 90 250 280 133 
14 43 152 86 266 98 129 200 22 156 256 173 5 70 207 
7 258 59 126 245 259 185 81 
300 20
20 43 294 275 74 296 212 95 161 232 150 41 14 204 224 284 127 11 77 237 200 
13 204 38 271 5 266 184 253 102 261 46 281 125 52 
4 198 128 29 206 
10 66 154 172 160 185 69 297 189 268 138 
7 106 119 102 290 153 183 141 
5 238 120 128 73 224 
6 271 61 221 254 180 70 
11 48 127 91 262 71 220 89 109 189 254 52 
5 173 22 27 55 226 
14 50 193 196 54 27 174 137 97 56 296 155 207 240 204 
7 227 168 46 180 56 72 191 
5 256 158 14 111 45 
7 225 192 86 190 33 223 104 
1 89 
9 45 194 231 49 57 122 188 25 299 
7 113 163 198 89 82 174 37 
8 297 90 264 97 46 179 272 156 
2 152 292 
17 29 182 189 284 68 70 191 228 131 185 105 214 235 91 169 196 243 
14 79 202 100 195 49 113 222 231 69 171 38 262 193 28 
300 20
12 121 279 232 257 180 268 223 275 24 205 230 29 
9 259 139 40 155 212 215 245 173 234 
20 247 65 91 287 50 263 265 288 104 158 294 134 18 299 211 221 10 55 59 96 
18 174 10 254 175 139 189 244 150 193 225 71 152 273 222 88 42 137 276 
5 139 239 219 132 224 
2 65 214 
16 67 54 166 141 122 104 298 278 160 228 66 200 255 88 261 285 
19 47 163 284 46 138 191 67 69 85 33 224 133 173 195 94 227 225 235 297 
14 93 129 105 151 112 250 195 280 239 279 47 214 145 249 
7 288 53 31 133 75 282 50 
20 59 297 197 242 198 119 96 70 41 295 48 9 226 270 169 134 234 2 74 158 
13 84 268 248 269 81 50 242 149 259 124 260 274 99 
12 21 251 242 127 90 172 100 178 225 105 176 132 
7 80 49 131 38 263 121 150 
6 256 4 161 0 251 59 
15 171 229 286 230 94 211 111 5 251 270 136 255 120 222 256 
19 283 282 174 248 96 116 106 131 227 55 263 275 269 72 205 76 38 42 98 
12 248 93 13 92 144 102 72 110 287 219 64 135 
5 203 10 82 271 112 
6 85 257 231 177 228 279 
300 20
13 93 167 280 159 80 168 55 114 144 29 0 135 213 
8 238 0 221 291 205 190 144 191 
10 11 270 108 18 275 214 50 1 232 289 
18 299 229 224 108 237 48 98 127 244 43 117 252 53 249 199 149 179 85 
1 91 
13 263 42 115 182 226 143 258 175 16 86 273 3 279 
18 291 180 188 278 221 82 98 181 64 260 170 241 297 219 237 193 127 78 
2 52 38 
2 259 292 
20 53 116 215 32 204 78 64 57 90 286 265 67 52 216 228 128 172 255 135 236 
5 93 31 202 25 69 
10 181 107 291 76 245 140 147 217 65 206 
7 108 243 249 74 82 258 188 
18 3 134 147 279 75 177 61 111 216 59 190 293 33 240 238 4 0 118 
4 172 88 286 163 
15 43 163 39 254 37 96 100 110 297 230 94 76 144 145 289 
3 90 138 247 
2 225 152 
8 161 257 110 167 65 246 229 193 
13 111 227 85 288 175 38 8 297 246 155 267 1 252 
300 20
17 108 231 208 163 52 254 60 124 106 119 3 273 230 237 59 203 290 
20 28 60 250 275 93 219 182 71 1 27 207 65 141 108 273 271 88 102 251 50 
11 180 48 94 58 204 99 219 262 167 281 28 
8 233 275 14 135 271 286 285 179 
2 259 227 
6 43 262 86 179 33 143 
5 150 270 235 232 82 
8 243 57 103 169 156 42 44 223 
9 270 285 243 106 137 254 95 252 166 
3 235 45 38 
19 25 9 24 99 168 17 159 13 61 218 278 200 238 82 14 20 204 203 220 
8 108 82 241 123 206 9 56 219 
1 174 
17 298 80 131 189 112 82 119 294 27 259 250 7 144 127 73 207 59 
17 82 40 177 257 64 231 12 39 8 273 154 112 275 281 277 220 161 
14 149 102 134 44 23 4 213 225 270 180 94 299 171 248 
17 260 11 157 116 240 126 246 269 114 27 200 163 66 7 107 28 20 
14 248 113 242 90 81 165 227 268 84 34 192 200 35 245 
2 164 37 
19 2 250 119 68 265 53 151 277 241 146 268 111 0 222 160 109 113 242 143 
300 20
17 89 268 77 237 151 180 193 209 65 0 226 38 257 166 46 292 294 
14 94 253 226 151 74 28 117 270 115 53 50 290 111 34 
1 283 
4 20 48 27 100 
11 73 231 0 233 204 285 119 36 12 48 236 
9 299 276 19 247 59 37 153 161 76 
19 293 259 2 40 97 68 78 245 36 72 232 6 202 291 151 103 282 224 174 
16 8 132 21 107 129 106 29 87 279 172 80 100 111 34 31 220 
9 287 167 264 200 202 127 139 141 237 
12 115 256 88 243 251 17 227 83 0 173 232 105 
13 4 45 131 243 139 174 195 56 230 146 65 60 141 
1 4 
7 228 128 55 27 166 2 73 
15 102 9 14 186 5 160 205 134 183 65 210 46 118 103 165 
6 211 26 244 202 122 152 
5 175 188 206 259 134 
8 279 120 285 22 292 204 221 178 
18 147 143 268 71 166 192 175 47 180 241 293 138 270 165 213 219 283 111 
13 92 51 248 104 197 63 72 252 284 145 182 195 172 
11 168 16 194 272 94 222 131 146 152 127 286 
