300 20
9 226 218 251 169 189 128 54 217 202 
16 164 47 156 237 17 10 250 280 12 281 70 136 45 106 15 199 
20 10 263 72 145 287 232 64 7 96 90 105 60 146 252 117 128 298 46 150 52 
10 206 152 51 108 29 166 268 200 99 196 
19 168 91 182 272 107 277 24 54 177 200 276 130 292 253 26 228 216 175 171 
2 60 221 
14 0 154 191 33 285 124 81 266 74 277 121 162 87 20 
8 103 250 231 205 175 119 126 255 
4 137 193 264 188 
5 76 299 185 133 75 
20 183 71 118 196 149 6 238 292 77 130 111 173 166 101 201 119 56 109 235 209 
7 51 98 89 0 296 27 123 
5 195 93 77 30 181 
3 286 235 199 
13 15 25 212 215 168 26 122 185 17 69 11 19 24 
7 180 1 142 273 220 159 47 
13 94 123 211 4 146 38 202 20 141 137 106 294 299 
18 268 209 245 178 141 92 263 175 289 71 59 34 113 271 15 57 112 233 
8 126 203 201 71 151 299 189 99 
2 123 183 
300 20
20 66 114 162 122 8 127 174 262 144 171 293 258 47 1 90 239 135 12 23 65 
8 86 222 218 87 225 214 240 264 
10 278 230 237 221 294 9 78 209 154 277 
8 138 73 158 266 141 232 6 169 
5 93 89 230 246 32 
7 5 160 67 260 137 229 283 
19 241 37 82 74 59 61 258 240 239 262 0 202 264 184 226 191 246 236 51 
7 213 75 145 66 229 83 230 
9 150 260 15 220 118 244 75 264 261 
15 52 77 4 137 79 243 173 219 172 171 162 288 55 63 144 
10 286 234 149 73 55 273 229 50 42 61 
3 250 221 282 
18 178 86 3 175 133 156 30 96 177 268 148 67 282 90 89 298 166 6 
5 90 206 156 190 107 
13 14 168 157 219 204 104 155 40 206 4 188 160 136 
20 29 120 273 282 149 108 126 243 278 280 30 43 80 240 93 68 154 61 54 21 
4 224 105 278 27 
4 240 79 192 122 
19 195 139 116 262 124 10 145 161 192 269 54 182 235 279 247 273 100 292 125 
7 102 185 204 11 68 164 214 
300 20
10 246 132 169 282 17 135 125 59 16 50 
19 273 269 296 125 73 240 95 200 68 260 103 222 65 181 28 83 54 212 22 
8 114 269 254 102 13 264 262 21 
13 124 50 34 215 167 192 122 186 204 195 279 171 213 
12 163 171 292 219 271 132 140 147 124 264 195 84 
15 248 263 277 14 51 90 66 48 216 10 32 261 1 149 287 
18 201 232 275 124 73 46 90 293 250 236 116 104 203 74 160 125 264 188 
11 253 137 142 262 208 9 205 260 70 41 47 
10 230 138 49 288 5 258 239 180 25 1 
20 201 117 70 274 205 42 259 211 190 159 163 177 5 73 214 252 233 238 66 218 
1 11 
14 248 157 255 113 234 118 6 295 179 180 57 243 98 233 
17 208 264 97 102 247 227 288 263 32 106 146 296 265 82 81 95 193 
13 123 97 124 269 24 268 93 34 66 132 120 49 4 
3 190 198 261 
15 132 222 223 281 140 40 161 160 67 115 254 96 163 141 299 
3 46 141 239 
17 5 254 292 291 50 147 232 119 194 150 28 264 127 216 196 159 214 
12 51 140 96 111 161 209 247 237 10 251 142 108 
15 180 242 167 275 133 215 60 146 229 216 108 298 94 297 150 
300 20
17 208 218 204 190 107 65 110 63 85 175 220 130 233 69 126 101 163 
15 96 248 120 296 250 159 32 165 212 290 75 86 254 82 21 
15 0 64 294 232 240 157 236 265 34 21 105 252 13 211 78 
18 55 24 42 102 276 0 290 87 295 31 36 175 146 129 112 266 92 76 
16 170 188 235 231 96 153 102 179 161 74 101 18 220 69 3 150 
7 145 8 50 123 201 73 172 
16 61 152 163 83 160 92 46 130 279 185 142 27 103 73 26 243 
15 181 276 170 198 126 275 294 26 226 251 231 117 239 273 56 
5 66 192 94 27 207 
8 155 239 193 192 134 55 268 203 
2 180 186 
8 77 217 179 230 162 171 254 216 
7 286 261 90 70 68 36 139 
17 118 257 278 67 31 236 41 28 63 203 185 197 45 123 6 96 282 
4 71 253 134 107 
18 216 111 155 161 239 144 182 219 295 264 179 140 158 84 209 249 278 131 
5 120 56 44 77 99 
12 278 207 287 277 89 71 271 17 51 264 104 201 
3 271 256 237 
2 61 33 
300 20
9 23 238 292 209 16 85 269 212 169 
14 185 279 42 122 101 23 230 193 116 83 119 92 292 51 
12 293 225 100 134 188 199 104 60 31 237 160 41 
19 13 46 139 11 174 252 113 111 167 12 134 178 38 233 283 292 138 142 212 
2 148 158 
5 18 40 207 168 295 
19 279 290 179 127 280 166 203 114 67 177 111 238 84 208 163 90 171 187 61 
15 246 111 98 175 165 248 226 266 50 223 295 137 195 267 17 
20 76 162 156 282 285 39 66 41 43 98 176 250 118 95 294 252 275 70 145 14 
12 174 256 293 4 169 19 286 50 96 208 98 124 
20 78 49 84 123 23 85 25 182 232 61 276 291 53 201 226 295 54 262 66 151 
17 289 177 52 41 220 275 267 250 236 234 215 158 40 242 21 102 145 
1 188 
11 178 90 280 232 251 23 120 92 235 82 284 
2 176 19 
18 204 255 162 241 259 112 214 256 257 145 174 106 163 233 181 81 121 230 
2 21 262 
14 52 167 4 69 83 295 74 31 48 165 55 152 53 138 
4 114 79 121 1 
18 10 23 158 51 243 276 53 73 130 11 139 224 34 52 277 45 165 160 
300 20
9 161 296 4 56 48 205 138 236 254 
20 140 292 234 240 54 136 162 250 227 57 231 204 138 66 171 285 71 85 159 293 
5 243 112 249 210 187 
11 146 69 209 101 114 151 166 196 270 182 149 
2 274 132 
13 87 182 61 71 56 215 209 173 222 140 295 200 170 
15 0 102 204 269 84 231 24 114 49 52 188 35 244 87 50 
17 44 15 67 71 62 167 113 129 83 30 141 171 95 134 145 206 170 
8 290 59 284 174 274 186 181 133 
5 222 170 21 239 122 
6 255 152 145 263 215 10 
12 148 30 32 242 82 41 258 212 177 10 92 215 
20 287 0 172 232 89 100 269 268 7 163 117 148 75 112 205 249 119 188 55 261 
14 62 193 69 146 214 201 183 133 21 123 187 78 238 141 
15 166 20 102 218 296 264 151 114 299 12 137 113 9 280 181 
17 30 162 220 209 223 25 122 77 33 13 253 262 65 75 189 81 169 
16 184 166 260 229 79 26 134 4 23 112 218 127 273 115 81 226 
3 230 284 61 
1 297 
1 140 
300 20
14 211 91 75 57 121 262 86 185 38 7 132 27 192 74 
16 297 9 22 81 165 277 222 137 3 230 199 166 2 27 100 282 
12 171 61 62 276 20 297 58 195 151 294 18 226 
6 30 24 177 143 219 291 
7 42 62 271 77 147 85 101 
14 201 274 194 253 290 27 159 142 51 208 279 36 110 250 
14 119 98 225 35 236 202 244 92 112 65 11 5 108 258 
2 294 269 
11 127 87 278 86 160 107 204 155 7 8 238 
16 35 260 293 42 65 109 161 273 251 144 212 61 179 227 155 39 
18 170 139 291 169 250 138 70 216 197 6 30 61 150 141 113 193 5 36 
8 17 160 62 275 209 207 131 44 
3 103 223 236 
20 155 230 91 268 199 80 162 115 200 298 170 227 192 86 286 136 72 84 39 107 
16 284 29 73 207 18 87 80 89 259 236 234 216 172 7 6 102 
1 48 
18 222 234 176 144 36 101 250 27 43 76 7 4 40 92 294 104 195 131 
6 145 278 214 105 225 42 
4 276 79 253 290 
6 58 142 227 121 254 53 
300 20
16 268 175 96 72 148 43 295 292 208 117 179 26 238 11 239 228 
1 249 
11 183 154 40 201 88 206 231 271 144 270 83 
9 274 157 133 52 251 214 182 101 233 
6 238 112 272 219 76 204 
10 268 137 272 167 83 23 117 236 110 216 
16 99 46 23 112 247 189 14 201 221 118 32 129 229 278 237 19 
12 137 156 28 296 218 172 182 113 106 71 123 105 
7 268 72 119 60 87 98 151 
6 214 266 274 278 191 106 
7 160 53 199 275 49 36 20 
7 33 88 235 276 101 254 31 
10 292 224 13 125 275 201 159 215 83 40 
11 232 91 93 231 122 159 109 16 126 279 111 
16 63 269 159 147 109 175 186 223 128 291 17 208 272 203 235 106 
5 207 38 161 214 200 
6 260 247 164 263 170 15 
4 202 141 70 140 
11 127 4 252 120 7 55 70 130 71 235 105 
1 267 
300 20
16 194 244 3 42 228 190 92 122 108 267 257 236 173 280 156 20 
14 169 154 223 286 31 78 202 218 252 20 264 132 284 147 
3 0 276 252 
6 281 258 102 54 245 253 
13 149 261 187 93 8 35 192 10 123 178 201 63 257 
19 141 125 188 219 275 61 228 182 240 269 258 10 259 199 163 36 112 73 220 
8 127 276 48 144 295 132 98 235 
17 293 21 251 176 211 272 97 4 264 291 51 198 107 157 174 190 137 
4 7 177 217 90 
5 200 79 223 51 10 
6 134 250 233 186 299 198 
9 94 138 123 246 202 100 293 96 141 
1 232 
17 122 116 149 70 19 89 299 200 242 139 207 155 188 202 277 292 4 
20 98 279 116 64 200 112 226 47 232 284 273 277 52 170 194 157 109 158 117 85 
14 245 255 141 31 32 131 66 40 237 133 113 80 211 76 
6 142 133 39 46 160 86 
7 166 179 84 150 153 281 203 
19 276 284 115 211 103 94 201 239 107 65 205 217 33 139 200 92 151 224 108 
18 245 199 65 77 275 293 27 250 120 64 26 186 118 191 143 189 150 79 
300 20
12 261 143 201 270 178 76 124 290 55 204 71 194 
12 146 234 197 29 5 233 219 294 186 257 167 227 
10 172 238 114 52 68 268 151 252 134 22 
7 9 116 252 73 192 39 5 
17 147 105 245 125 197 201 215 174 56 188 271 113 163 60 139 239 84 
11 168 20 218 144 51 123 78 77 204 117 199 
17 204 138 7 47 50 246 172 264 131 225 59 49 222 230 115 61 236 
2 278 250 
13 11 52 31 37 196 141 3 152 162 158 1 121 293 
15 144 37 278 250 12 50 153 9 179 122 17 137 293 95 154 
15 198 236 68 181 72 99 269 8 245 187 83 196 223 32 261 
15 123 25 60 282 106 72 133 71 194 151 170 70 108 47 92 
3 9 21 142 
12 88 174 258 190 26 285 77 36 247 31 58 127 
10 128 151 216 192 51 98 141 91 2 65 
18 170 279 202 112 299 163 98 14 171 77 281 215 126 237 32 197 187 151 
2 112 250 
6 31 261 296 181 45 75 
7 101 296 109 115 159 111 275 
6 39 293 27 107 158 289 
