300 20
11 37 190 202 137 193 29 71 57 60 25 101 
2 57 104 
2 264 149 
16 297 100 195 106 83 118 255 145 245 168 63 22 59 132 75 256 
13 87 289 203 233 218 187 212 32 123 227 139 47 48 
20 248 135 287 283 75 220 201 47 108 6 125 221 49 278 151 127 181 161 238 265 
2 32 101 
7 256 172 273 79 173 99 4 
1 101 
5 262 72 30 170 88 
20 144 249 98 222 111 242 119 257 170 1 259 127 110 55 21 122 273 126 96 48 
1 220 
3 203 5 237 
10 196 2 174 48 172 200 176 273 155 73 
2 80 26 
8 58 136 123 298 112 175 206 281 
11 81 254 236 267 227 176 24 228 53 143 288 
7 93 25 31 118 45 295 49 
3 282 78 22 
4 92 275 185 203 
300 20
2 233 223 
19 113 265 159 209 133 104 26 67 260 102 82 296 252 0 162 57 120 197 66 
3 127 263 96 
8 229 154 79 162 272 53 142 299 
19 217 210 247 166 171 230 91 9 200 174 196 1 157 269 159 205 175 199 220 
18 99 168 181 250 285 225 226 83 251 235 241 133 291 102 67 255 13 1 
7 66 299 39 223 42 130 199 
16 198 232 21 123 260 141 54 248 77 242 103 137 38 128 8 238 
3 246 208 38 
18 253 266 226 72 143 260 66 148 99 129 160 102 117 87 136 131 55 147 
1 224 
19 287 277 127 39 187 54 197 154 91 5 170 147 113 163 97 107 248 129 255 
16 205 290 32 88 98 72 155 193 68 204 289 114 17 146 10 118 
18 4 139 247 288 2 248 168 237 213 1 185 177 44 162 106 230 272 292 
6 45 58 174 16 153 280 
13 95 250 128 127 169 56 167 17 29 147 266 14 131 
19 133 219 64 126 61 194 214 22 280 110 68 230 294 248 113 212 270 87 167 
14 45 284 253 27 23 273 269 90 136 19 80 264 105 175 
4 94 175 199 18 
9 139 59 115 120 254 252 66 275 22 
300 20
6 168 247 63 29 2 295 
9 114 135 159 103 259 70 205 244 164 
14 218 229 244 58 166 9 139 64 131 295 253 153 35 130 
4 73 71 199 205 
13 243 269 79 160 148 267 92 185 205 226 272 135 169 
10 285 98 268 231 36 47 148 200 181 265 
10 126 60 229 184 129 273 11 240 192 210 
15 299 70 120 134 44 261 7 247 108 162 17 106 290 2 182 
20 150 216 14 138 224 268 240 211 173 269 230 97 118 235 105 33 72 149 246 135 
12 65 91 180 45 88 166 103 234 131 193 204 149 
7 291 229 115 204 61 11 28 
18 115 108 236 136 177 84 96 27 1 37 21 4 71 20 100 55 192 263 
14 123 82 239 15 197 222 246 157 173 13 263 187 177 125 
16 259 50 207 90 164 88 231 162 266 180 14 136 153 54 91 254 
20 192 250 121 61 52 266 143 30 116 12 154 212 100 113 79 47 221 267 45 288 
9 91 277 177 67 271 36 210 28 104 
13 26 246 150 7 175 96 106 248 206 47 264 98 143 
4 260 142 161 2 
13 21 200 236 259 270 34 214 160 165 104 96 100 128 
18 164 129 289 46 34 135 200 134 127 78 186 107 40 136 226 260 93 266 
300 20
10 282 205 60 239 123 216 72 79 181 149 
17 66 43 180 22 96 287 55 40 267 64 151 152 252 256 157 233 235 
10 57 182 299 215 54 82 21 129 77 121 
6 95 72 237 243 176 43 
13 113 93 159 47 75 130 124 8 72 53 48 136 253 
16 213 145 169 112 292 231 216 249 55 290 236 163 185 280 103 149 
9 5 227 125 56 265 163 299 258 73 
6 187 147 258 257 192 230 
20 261 116 124 254 48 270 39 209 220 138 184 7 164 249 177 222 295 89 187 121 
16 154 184 289 133 119 187 286 140 269 125 199 237 158 215 45 6 
18 167 263 183 228 141 146 149 212 28 2 213 43 192 97 56 27 138 54 
7 66 262 18 165 72 279 242 
15 287 125 296 231 185 28 145 14 113 170 266 233 127 271 33 
3 121 68 215 
10 110 258 168 188 51 299 263 126 63 134 
16 267 115 151 276 203 77 65 270 120 31 246 38 36 74 129 232 
19 36 129 157 254 33 173 253 37 272 60 86 285 185 289 7 290 69 257 5 
2 235 39 
1 250 
16 252 105 23 65 261 222 2 35 37 120 161 122 148 211 1 26 
300 20
17 247 211 57 64 93 294 190 282 140 255 80 97 1 257 104 258 124 
7 291 26 236 113 88 193 49 
5 187 273 137 257 189 
7 66 23 119 117 125 196 293 
12 29 8 294 7 78 105 298 154 172 245 123 238 
6 91 88 213 33 225 43 
12 247 138 24 154 153 171 130 226 60 251 40 98 
13 279 83 19 248 213 85 45 192 64 37 159 139 142 
18 29 298 90 295 289 54 244 137 21 17 111 26 201 243 141 38 227 163 
17 96 59 148 169 171 1 46 292 295 16 134 258 227 237 186 4 160 
11 273 226 47 51 70 117 106 220 186 87 201 
5 267 282 265 34 112 
10 42 47 58 230 238 35 122 19 281 144 
3 106 226 170 
3 105 206 60 
12 105 275 157 179 285 67 70 262 253 120 246 150 
14 76 275 74 160 31 248 213 255 71 97 20 109 140 159 
6 249 243 174 197 0 143 
9 224 64 62 251 108 283 197 138 187 
13 103 180 273 75 4 290 245 31 193 230 282 253 258 
300 20
16 54 250 194 175 66 165 98 142 89 278 276 178 269 246 238 52 
10 252 132 224 86 219 215 171 192 293 98 
5 249 172 76 1 223 
4 99 8 233 47 
16 6 292 194 27 29 231 48 149 0 205 272 47 83 44 250 226 
15 50 263 295 63 99 152 2 18 157 285 212 273 203 257 254 
18 282 156 82 207 39 29 206 87 126 133 278 36 268 110 88 280 250 54 
5 81 278 252 55 144 
2 137 33 
20 200 178 73 98 228 266 36 234 152 16 252 116 68 38 91 106 149 132 202 212 
18 76 210 171 52 202 97 153 241 230 81 164 213 227 264 283 50 271 209 
12 91 85 273 236 0 130 253 183 44 173 143 159 
6 77 165 140 295 252 135 
10 225 147 173 211 285 93 175 94 5 0 
16 92 281 268 217 299 34 63 227 195 234 42 149 43 111 296 242 
10 136 281 15 3 6 114 68 232 187 23 
9 71 69 29 56 86 21 213 273 125 
11 48 270 182 52 233 65 155 128 148 151 265 
13 48 228 3 272 186 211 223 117 189 97 247 11 26 
11 116 0 42 242 154 153 204 160 191 247 165 
300 20
4 194 129 87 203 
2 285 287 
12 144 68 118 34 0 286 226 232 157 244 59 39 
14 221 18 90 120 153 206 243 38 15 291 159 296 191 208 
17 80 272 284 33 144 126 173 226 184 222 21 291 153 127 262 292 162 
5 231 26 281 124 193 
14 253 254 94 259 127 287 26 210 163 68 55 243 276 160 
7 58 251 220 108 42 195 47 
11 161 232 296 184 47 287 237 224 158 59 19 
20 69 83 232 121 3 207 38 73 268 113 14 196 275 32 244 36 272 33 170 141 
2 107 65 
17 76 162 109 216 27 136 67 285 255 33 177 78 294 261 84 274 240 
8 264 155 287 76 101 147 250 36 
19 166 3 197 103 127 153 74 187 35 12 121 249 71 298 192 45 30 286 96 
4 18 135 96 64 
18 231 109 98 283 156 94 161 62 7 69 37 159 2 290 286 217 95 185 
4 246 181 113 3 
5 27 226 145 60 220 
2 63 139 
19 160 288 291 132 127 149 40 7 109 69 42 281 166 78 44 283 146 4 284 
300 20
12 180 236 190 55 164 137 95 69 226 116 261 134 
13 273 73 251 297 161 246 56 150 88 168 81 70 261 
10 93 156 292 158 212 185 179 157 188 131 
13 2 8 198 242 252 97 60 90 134 100 270 261 57 
17 101 295 283 260 258 81 284 12 130 165 164 16 265 290 193 76 0 
20 78 77 33 193 213 6 186 266 92 278 175 172 287 15 81 231 111 82 209 89 
4 129 273 57 246 
11 38 106 156 269 298 85 97 140 49 93 223 
10 15 189 258 48 156 168 120 66 85 275 
19 98 165 100 49 213 285 278 269 174 114 158 257 240 163 151 25 3 61 148 
6 220 14 194 128 215 93 
9 191 280 175 102 0 136 142 290 148 
17 167 254 47 184 215 39 25 90 125 238 19 65 176 99 56 115 138 
13 25 111 288 76 146 30 268 9 187 196 95 51 269 
1 21 
13 48 0 183 41 100 3 282 1 245 7 64 164 133 
11 156 96 12 66 114 25 40 111 17 46 29 
7 117 277 195 114 284 20 113 
19 27 62 281 279 271 215 226 13 266 54 250 45 102 200 44 265 246 168 88 
11 209 180 195 169 128 164 186 194 218 62 278 
300 20
5 267 6 105 177 259 
2 274 204 
16 94 104 199 56 289 231 159 203 257 189 105 184 24 124 147 228 
1 110 
5 201 178 202 8 105 
18 73 36 112 196 288 267 28 33 239 78 26 266 59 205 284 234 283 168 
5 222 251 149 169 52 
11 220 156 107 130 136 166 173 293 183 124 262 
20 109 67 118 281 237 258 84 164 185 180 127 63 298 98 124 140 100 149 4 51 
14 6 122 52 142 3 157 66 190 204 243 281 269 23 193 
11 79 277 116 189 226 40 178 230 47 48 295 
8 61 112 142 242 118 55 43 91 
5 142 299 279 183 44 
3 95 139 233 
16 170 197 115 244 124 285 162 216 65 19 202 71 233 270 67 41 
10 95 180 222 275 254 70 43 117 2 203 
5 95 184 166 269 26 
4 166 99 59 169 
12 109 261 48 39 3 14 177 101 169 20 208 90 
4 0 154 281 119 
300 20
15 124 68 287 139 164 239 58 274 1 257 85 240 206 145 250 
9 123 151 235 78 279 222 255 132 101 
13 90 290 22 80 283 272 114 4 271 113 207 187 83 
19 214 224 184 274 163 92 194 144 252 73 191 145 240 99 90 155 9 31 48 
18 247 74 121 245 191 14 194 171 113 75 150 299 176 281 32 246 89 257 
16 162 277 8 268 92 288 159 94 122 282 296 29 249 252 79 219 
7 43 250 100 281 255 194 247 
14 73 186 224 193 40 16 63 271 180 97 133 139 104 176 
19 142 158 246 90 88 201 100 242 178 74 116 184 70 39 292 18 295 45 21 
2 40 10 
15 209 270 219 89 221 120 183 165 66 103 23 141 123 159 253 
20 52 176 179 235 98 121 78 56 219 213 66 291 290 174 39 223 133 278 40 53 
14 200 52 213 6 36 26 68 88 258 69 184 152 237 124 
1 67 
8 126 281 276 195 57 174 204 253 
1 82 
16 273 78 107 296 127 277 105 161 118 4 24 81 87 8 267 258 
5 45 281 270 88 63 
6 112 126 171 2 207 78 
17 207 283 99 157 165 186 13 220 52 85 80 279 194 175 258 223 44 
